    0.180682     0.187549     0.172647     0.176296     0.169026     0.177697     0.179478    -0.017392    -0.026687    -0.022043    -0.027045    -0.034434    -0.042198    -0.021130    -0.027981     0.021201    -0.013378     0.044896     0.009091    -0.006918     0.000941    -0.008222    -0.028458    -0.019882     0.000304    -0.014840    -0.001912    -0.007898    -0.038382    -0.049186    -0.032297    -0.039137    -0.029068    -0.022587    -0.035169    -0.029646    -0.035201    -0.030471    -0.011583    -0.023698    -0.045104    -0.026561    -0.039547    -0.038703    -0.021785    -0.066778    -0.071579    -0.054895    -0.074562    -0.091500    -0.010012     0.008446
    0.187549     0.251541     0.210919     0.206634     0.214892     0.239106     0.213720    -0.030900    -0.037319    -0.035475    -0.039345    -0.048834    -0.057364    -0.035536    -0.046977     0.011384    -0.027776     0.042120    -0.001997    -0.020992    -0.016285    -0.017876    -0.038692    -0.036383    -0.011556    -0.030594    -0.015380     0.004048    -0.031689    -0.045779    -0.026445    -0.038495    -0.024348    -0.015066    -0.027877    -0.025471    -0.033017    -0.031482    -0.002779    -0.014452    -0.043148    -0.032181    -0.036367    -0.034392    -0.016150    -0.071300    -0.092206    -0.061882    -0.095453    -0.085988     0.002121     0.021008
    0.172647     0.210919     0.250751     0.180295     0.244132     0.248010     0.193613    -0.047703    -0.049593    -0.043568    -0.049885    -0.049690    -0.067660    -0.053124    -0.052374    -0.006110    -0.042387     0.027844    -0.018068    -0.032434    -0.030847    -0.033749    -0.059544    -0.054895    -0.024368    -0.043735    -0.030242    -0.028455    -0.064652    -0.080121    -0.059593    -0.070451    -0.063586    -0.050125    -0.069904    -0.060899    -0.069628    -0.063661    -0.050254    -0.053643    -0.073232    -0.049759    -0.065613    -0.061495    -0.047558    -0.099426    -0.116180    -0.083346    -0.114919    -0.116960    -0.036567    -0.021914
    0.176296     0.206634     0.180295     0.209992     0.176419     0.193712     0.198225    -0.017538    -0.025201    -0.026779    -0.029704    -0.037837    -0.043727    -0.026275    -0.032918     0.019756    -0.017400     0.050603     0.005699    -0.008405    -0.004007    -0.010950    -0.031681    -0.021081    -0.001582    -0.019589    -0.004826    -0.008201    -0.034394    -0.049816    -0.030836    -0.038939    -0.030355    -0.030907    -0.032271    -0.025217    -0.036596    -0.035991    -0.007456    -0.019614    -0.046498    -0.027111    -0.040193    -0.038903    -0.021288    -0.055184    -0.065829    -0.049367    -0.064751    -0.071959    -0.012049     0.001719
    0.169026     0.214892     0.244132     0.176419     0.357034     0.308990     0.195949    -0.051902    -0.061808    -0.055524    -0.058253    -0.058549    -0.081694    -0.070015    -0.065888    -0.021197    -0.054551     0.017264    -0.027338    -0.044695    -0.046317    -0.044443    -0.070807    -0.070147    -0.034004    -0.051374    -0.041286    -0.023856    -0.067408    -0.084327    -0.056518    -0.073675    -0.057011    -0.034449    -0.065867    -0.060281    -0.061959    -0.068036    -0.048795    -0.044665    -0.078372    -0.059107    -0.065293    -0.067720    -0.046141    -0.098684    -0.115913    -0.074067    -0.137452    -0.113037    -0.016975    -0.028858
    0.177697     0.239106     0.248010     0.193712     0.308990     0.445516     0.206434    -0.040597    -0.049249    -0.049463    -0.053479    -0.055209    -0.072000    -0.058011    -0.055037    -0.006950    -0.046116     0.035903    -0.017804    -0.029403    -0.029729    -0.034641    -0.058473    -0.047490    -0.021777    -0.047686    -0.027409    -0.005833    -0.049574    -0.075695    -0.041736    -0.055698    -0.042114    -0.036457    -0.052628    -0.049880    -0.051660    -0.059208    -0.028826    -0.026468    -0.063312    -0.051020    -0.050659    -0.054185    -0.031485    -0.078168    -0.090419    -0.064200    -0.120715    -0.053846    -0.017189    -0.010381
    0.179478     0.213720     0.193613     0.198225     0.195949     0.206434     0.214500    -0.029721    -0.038506    -0.035959    -0.039767    -0.048133    -0.056904    -0.038347    -0.045429     0.012190    -0.026349     0.043303    -0.000213    -0.017453    -0.014261    -0.022671    -0.042452    -0.035283    -0.009682    -0.031243    -0.016102    -0.012645    -0.045247    -0.059153    -0.041250    -0.052836    -0.040390    -0.033164    -0.046397    -0.037760    -0.046528    -0.043454    -0.017711    -0.031038    -0.057755    -0.036920    -0.047958    -0.047269    -0.030357    -0.067826    -0.080204    -0.060097    -0.087351    -0.092503    -0.014511    -0.001933
   -0.017392    -0.030900    -0.047703    -0.017538    -0.051902    -0.040597    -0.029721     0.124707     0.133858     0.123067     0.123387     0.122177     0.122208     0.132052     0.125578     0.090061     0.109147     0.069585     0.094482     0.098563     0.097443     0.089464     0.070514     0.100705     0.087034     0.093726     0.093589     0.018097     0.017757     0.033086     0.023747     0.033651     0.027592     0.017308     0.033961     0.033683     0.030155     0.032565     0.023133     0.034774     0.020134     0.067888     0.021399     0.041757     0.026561     0.032883     0.043168     0.039413     0.041593     0.064001     0.032368     0.030968
   -0.026687    -0.037319    -0.049593    -0.025201    -0.061808    -0.049249    -0.038506     0.133858     0.184003     0.150581     0.157881     0.156919     0.155855     0.165106     0.158187     0.108682     0.129079     0.087638     0.113626     0.117229     0.110100     0.103328     0.081003     0.116427     0.102412     0.111274     0.107000     0.025835     0.022978     0.041280     0.024375     0.032630     0.023483     0.011582     0.033502     0.029044     0.028760     0.035393     0.026688     0.037001     0.024725     0.083329     0.021232     0.050048     0.032324     0.020643     0.017004     0.025710     0.017600     0.052940     0.022759     0.036708
   -0.022043    -0.035475    -0.043568    -0.026779    -0.055524    -0.049463    -0.035959     0.123067     0.150581     0.154234     0.140467     0.139990     0.135036     0.151531     0.142121     0.099276     0.120391     0.076994     0.104371     0.104162     0.101377     0.090531     0.073941     0.100120     0.088968     0.098251     0.096786     0.013229     0.005277     0.028503     0.011875     0.024561     0.012628     0.009364     0.019792     0.019223     0.016709     0.026921     0.011505     0.020551     0.008569     0.067799     0.011412     0.041407     0.016286     0.016595     0.018022     0.028197     0.026757     0.052684     0.036043     0.028123
   -0.027045    -0.039345    -0.049885    -0.029704    -0.058253    -0.053479    -0.039767     0.123387     0.157881     0.140467     0.154865     0.146046     0.141575     0.153410     0.147185     0.098055     0.120929     0.079828     0.106210     0.103603     0.101085     0.092105     0.074361     0.103159     0.090935     0.101095     0.093921     0.019129     0.014339     0.038282     0.019602     0.030531     0.018288     0.011719     0.027100     0.023376     0.024185     0.030600     0.018794     0.028137     0.017639     0.074462     0.018250     0.043860     0.023615     0.008289    -0.001269     0.020298     0.003659     0.029212     0.031720     0.027504
   -0.034434    -0.048834    -0.049690    -0.037837    -0.058549    -0.055209    -0.048133     0.122177     0.156919     0.139990     0.146046     0.164486     0.144097     0.148165     0.150342     0.092609     0.117765     0.071740     0.102509     0.107344     0.102963     0.093470     0.071456     0.108324     0.091422     0.106723     0.097142     0.013693     0.009892     0.027863     0.011226     0.023981     0.011524     0.009933     0.015666     0.014613     0.021527     0.024560     0.008349     0.022585     0.011464     0.073375     0.012768     0.043588     0.020824     0.017888     0.022403     0.029993     0.012778     0.048119     0.028445     0.040181
   -0.042198    -0.057364    -0.067660    -0.043727    -0.081694    -0.072000    -0.056904     0.122208     0.155855     0.135036     0.141575     0.144097     0.156933     0.144074     0.144408     0.092312     0.115123     0.066601     0.097434     0.107806     0.102744     0.096232     0.082247     0.116570     0.093911     0.105804     0.100025     0.025616     0.032363     0.049073     0.031845     0.040964     0.033145     0.024771     0.040601     0.036816     0.038962     0.041671     0.031457     0.039975     0.035509     0.081900     0.029760     0.056906     0.035786     0.037632     0.038948     0.037531     0.035876     0.072471     0.026221     0.037169
   -0.021130    -0.035536    -0.053124    -0.026275    -0.070015    -0.058011    -0.038347     0.132052     0.165106     0.151531     0.153410     0.148165     0.144074     0.181922     0.152309     0.109158     0.132442     0.090554     0.115118     0.109014     0.108087     0.099941     0.079990     0.106107     0.096932     0.103054     0.101696     0.020689     0.013622     0.038388     0.017760     0.029902     0.020014     0.015705     0.032728     0.025481     0.022756     0.034391     0.017351     0.023784     0.016946     0.073385     0.015826     0.040917     0.023460     0.007667     0.005933     0.023279     0.015568     0.031629     0.026332     0.039185
   -0.027981    -0.046977    -0.052374    -0.032918    -0.065888    -0.055037    -0.045429     0.125578     0.158187     0.142121     0.147185     0.150342     0.144408     0.152309     0.175376     0.101643     0.124426     0.079186     0.107852     0.114032     0.109560     0.095740     0.080944     0.117033     0.097554     0.109205     0.103341     0.023024     0.018428     0.036593     0.022504     0.031208     0.021989     0.017279     0.030927     0.026782     0.029313     0.034075     0.024984     0.031751     0.020539     0.077566     0.021353     0.047563     0.026093     0.015729     0.017638     0.029064     0.016782     0.036673     0.041351     0.043052
    0.021201     0.011384    -0.006110     0.019756    -0.021197    -0.006950     0.012190     0.090061     0.108682     0.099276     0.098055     0.092609     0.092312     0.109158     0.101643     0.102928     0.098216     0.076834     0.091220     0.080902     0.081035     0.066746     0.053756     0.078588     0.073783     0.071635     0.074749     0.013277     0.006609     0.020083     0.012116     0.015806     0.013007     0.003641     0.019883     0.019273     0.010695     0.022010     0.020281     0.022051     0.007008     0.052188     0.011229     0.026009     0.015760     0.001914    -0.003272     0.008433     0.007230     0.025214     0.019194     0.019199
   -0.013378    -0.027776    -0.042387    -0.017400    -0.054551    -0.046116    -0.026349     0.109147     0.129079     0.120391     0.120929     0.117765     0.115123     0.132442     0.124426     0.098216     0.124429     0.076074     0.100030     0.095161     0.096439     0.083307     0.068443     0.096453     0.084921     0.090674     0.087254     0.017355     0.016167     0.034322     0.020021     0.026522     0.022102     0.022889     0.028537     0.025303     0.021690     0.030730     0.021981     0.029731     0.018309     0.065309     0.018164     0.033744     0.022528     0.012477     0.011873     0.022829     0.025000     0.042042     0.029430     0.022508
    0.044896     0.042120     0.027844     0.050603     0.017264     0.035903     0.043303     0.069585     0.087638     0.076994     0.079828     0.071740     0.066601     0.090554     0.079186     0.076834     0.076074     0.092530     0.073273     0.063036     0.060717     0.047893     0.033859     0.055223     0.058120     0.051007     0.055638     0.006920    -0.010898     0.000121    -0.004159    -0.004422    -0.005200    -0.015602    -0.001066     0.001241    -0.008875     0.001735     0.003303     0.007033    -0.010157     0.031795    -0.006934     0.001374    -0.000720    -0.023707    -0.030976    -0.011465    -0.019989    -0.015269     0.017986     0.017015
    0.009091    -0.001997    -0.018068     0.005699    -0.027338    -0.017804    -0.000213     0.094482     0.113626     0.104371     0.106210     0.102509     0.097434     0.115118     0.107852     0.091220     0.100030     0.073273     0.100601     0.084388     0.083528     0.073425     0.056003     0.079570     0.075683     0.080907     0.076812     0.018493     0.009115     0.025853     0.016343     0.021426     0.016054     0.010635     0.022266     0.019570     0.018849     0.026115     0.019847     0.025971     0.011989     0.055798     0.012655     0.031035     0.020690     0.003640    -0.001021     0.014590     0.001021     0.025698     0.029228     0.027353
   -0.006918    -0.020992    -0.032434    -0.008405    -0.044695    -0.029403    -0.017453     0.098563     0.117229     0.104162     0.103603     0.107344     0.107806     0.109014     0.114032     0.080902     0.095161     0.063036     0.084388     0.118490     0.100726     0.089216     0.069012     0.109713     0.095760     0.100793     0.102072     0.024677     0.024181     0.030506     0.022515     0.022498     0.029749     0.022160     0.027239     0.029150     0.028841     0.031010     0.032554     0.036273     0.024410     0.069456     0.016519     0.038802     0.027003     0.027676     0.026892     0.027615     0.026378     0.067613     0.033640     0.041938
    0.000941    -0.016285    -0.030847    -0.004007    -0.046317    -0.029729    -0.014261     0.097443     0.110100     0.101377     0.101085     0.102963     0.102744     0.108087     0.109560     0.081035     0.096439     0.060717     0.083528     0.100726     0.110035     0.087244     0.071958     0.106799     0.090175     0.095696     0.095705     0.032334     0.032260     0.038308     0.031427     0.034279     0.039551     0.040730     0.039810     0.037155     0.037793     0.039008     0.042915     0.037645     0.030974     0.068116     0.024657     0.044268     0.033964     0.023314     0.028441     0.026632     0.030114     0.048068     0.037111     0.043995
   -0.008222    -0.017876    -0.033749    -0.010950    -0.044443    -0.034641    -0.022671     0.089464     0.103328     0.090531     0.092105     0.093470     0.096232     0.099941     0.095740     0.066746     0.083307     0.047893     0.073425     0.089216     0.087244     0.102069     0.070746     0.101308     0.081006     0.094004     0.090993     0.042839     0.046954     0.055356     0.048714     0.054334     0.056922     0.043115     0.056593     0.054268     0.057111     0.052931     0.051949     0.059071     0.050903     0.076438     0.039200     0.055960     0.050072     0.047207     0.050174     0.047123     0.052447     0.089008     0.039895     0.058820
   -0.028458    -0.038692    -0.059544    -0.031681    -0.070807    -0.058473    -0.042452     0.070514     0.081003     0.073941     0.074361     0.071456     0.082247     0.079990     0.080944     0.053756     0.068443     0.033859     0.056003     0.069012     0.071958     0.070746     0.087120     0.086615     0.062559     0.073000     0.069177     0.065990     0.076356     0.083772     0.080050     0.078558     0.085652     0.074513     0.093442     0.080208     0.079065     0.077462     0.090394     0.079723     0.081299     0.073732     0.069841     0.078890     0.073033     0.063254     0.063859     0.051968     0.065701     0.098421     0.062859     0.066674
   -0.019882    -0.036383    -0.054895    -0.021081    -0.070147    -0.047490    -0.035283     0.100705     0.116427     0.100120     0.103159     0.108324     0.116570     0.106107     0.117033     0.078588     0.096453     0.055223     0.079570     0.109713     0.106799     0.101308     0.086615     0.176006     0.099219     0.109270     0.108848     0.050127     0.059260     0.064597     0.057514     0.058117     0.067814     0.055083     0.065671     0.065094     0.066619     0.060908     0.073981     0.066934     0.060658     0.093763     0.047665     0.070648     0.058597     0.047319     0.060977     0.040198     0.056582     0.090735     0.049002     0.060551
    0.000304    -0.011556    -0.024368    -0.001582    -0.034004    -0.021777    -0.009682     0.087034     0.102412     0.088968     0.090935     0.091422     0.093911     0.096932     0.097554     0.073783     0.084921     0.058120     0.075683     0.095760     0.090175     0.081006     0.062559     0.099219     0.095430     0.086021     0.090914     0.029820     0.030258     0.032998     0.028636     0.028133     0.035739     0.026828     0.032996     0.034827     0.034214     0.032927     0.037110     0.034860     0.029368     0.064936     0.020375     0.036944     0.028597     0.016460     0.017249     0.016658     0.014611     0.041892     0.032492     0.041343
   -0.014840    -0.030594    -0.043735    -0.019589    -0.051374    -0.047686    -0.031243     0.093726     0.111274     0.098251     0.101095     0.106723     0.105804     0.103054     0.109205     0.071635     0.090674     0.051007     0.080907     0.100793     0.095696     0.094004     0.073000     0.109270     0.086021     0.115092     0.097942     0.039975     0.042594     0.053058     0.043088     0.046521     0.049581     0.046929     0.049879     0.046548     0.056049     0.049926     0.048691     0.055263     0.047661     0.077871     0.035945     0.057229     0.047813     0.033571     0.034485     0.034737     0.035219     0.072906     0.044435     0.059465
   -0.001912    -0.015380    -0.030242    -0.004826    -0.041286    -0.027409    -0.016102     0.093589     0.107000     0.096786     0.093921     0.097142     0.100025     0.101696     0.103341     0.074749     0.087254     0.055638     0.076812     0.102072     0.095705     0.090993     0.069177     0.108848     0.090914     0.097942     0.109755     0.030273     0.030632     0.036076     0.029544     0.032856     0.040571     0.030462     0.036867     0.040371     0.040501     0.037531     0.037756     0.041761     0.031240     0.070686     0.022939     0.045190     0.034965     0.031561     0.037669     0.031963     0.034992     0.073656     0.035190     0.046754
   -0.007898     0.004048    -0.028455    -0.008201    -0.023856    -0.005833    -0.012645     0.018097     0.025835     0.013229     0.019129     0.013693     0.025616     0.020689     0.023024     0.013277     0.017355     0.006920     0.018493     0.024677     0.032334     0.042839     0.065990     0.050127     0.029820     0.039975     0.030273     0.150890     0.140879     0.119497     0.139449     0.118998     0.142045     0.137450     0.158282     0.120660     0.136906     0.109711     0.165612     0.124175     0.142833     0.066565     0.114757     0.102802     0.126807     0.064147     0.064548     0.037533     0.042847     0.083393     0.106927     0.123194
   -0.038382    -0.031689    -0.064652    -0.034394    -0.067408    -0.049574    -0.045247     0.017757     0.022978     0.005277     0.014339     0.009892     0.032363     0.013622     0.018428     0.006609     0.016167    -0.010898     0.009115     0.024181     0.032260     0.046954     0.076356     0.059260     0.030258     0.042594     0.030632     0.140879     0.187140     0.149361     0.165555     0.143637     0.167357     0.154264     0.190345     0.147401     0.157343     0.134183     0.187791     0.143560     0.178114     0.080276     0.137624     0.121038     0.144373     0.094245     0.082694     0.054996     0.088907     0.111819     0.108711     0.117311
   -0.049186    -0.045779    -0.080121    -0.049816    -0.084327    -0.075695    -0.059153     0.033086     0.041280     0.028503     0.038282     0.027863     0.049073     0.038388     0.036593     0.020083     0.034322     0.000121     0.025853     0.030506     0.038308     0.055356     0.083772     0.064597     0.032998     0.053058     0.036076     0.119497     0.149361     0.171055     0.153373     0.143669     0.155642     0.136464     0.175132     0.142063     0.146008     0.137089     0.160370     0.143079     0.159843     0.090887     0.136261     0.126635     0.134749     0.096807     0.069956     0.066467     0.090776     0.138819     0.092307     0.097942
   -0.032297    -0.026445    -0.059593    -0.030836    -0.056518    -0.041736    -0.041250     0.023747     0.024375     0.011875     0.019602     0.011226     0.031845     0.017760     0.022504     0.012116     0.020021    -0.004159     0.016343     0.022515     0.031427     0.048714     0.080050     0.057514     0.028636     0.043088     0.029544     0.139449     0.165555     0.153373     0.175787     0.151917     0.172626     0.148076     0.192516     0.154020     0.159342     0.139492     0.186190     0.154951     0.173551     0.083179     0.143035     0.126604     0.147425     0.100968     0.091698     0.065853     0.092007     0.131569     0.121987     0.121097
   -0.039137    -0.038495    -0.070451    -0.038939    -0.073675    -0.055698    -0.052836     0.033651     0.032630     0.024561     0.030531     0.023981     0.040964     0.029902     0.031208     0.015806     0.026522    -0.004422     0.021426     0.022498     0.034279     0.054334     0.078558     0.058117     0.028133     0.046521     0.032856     0.118998     0.143637     0.143669     0.151917     0.161199     0.155237     0.128173     0.170797     0.140759     0.149299     0.128691     0.158927     0.138564     0.153676     0.080762     0.133928     0.123112     0.133564     0.107697     0.107601     0.078837     0.108085     0.143780     0.104858     0.104733
   -0.029068    -0.024348    -0.063586    -0.030355    -0.057011    -0.042114    -0.040390     0.027592     0.023483     0.012628     0.018288     0.011524     0.033145     0.020014     0.021989     0.013007     0.022102    -0.005200     0.016054     0.029749     0.039551     0.056922     0.085652     0.067814     0.035739     0.049581     0.040571     0.142045     0.167357     0.155642     0.172626     0.155237     0.191047     0.157686     0.196080     0.158753     0.167327     0.143322     0.192300     0.160669     0.176692     0.087166     0.144548     0.128284     0.151442     0.109124     0.111183     0.073039     0.101022     0.154019     0.126339     0.132122
   -0.022587    -0.015066    -0.050125    -0.030907    -0.034449    -0.036457    -0.033164     0.017308     0.011582     0.009364     0.011719     0.009933     0.024771     0.015705     0.017279     0.003641     0.022889    -0.015602     0.010635     0.022160     0.040730     0.043115     0.074513     0.055083     0.026828     0.046929     0.030462     0.137450     0.154264     0.136464     0.148076     0.128173     0.157686     0.215233     0.178536     0.130663     0.156454     0.119918     0.176294     0.127462     0.156978     0.062699     0.124563     0.111389     0.135779     0.060610     0.050529     0.038028     0.046492     0.068866     0.099127     0.092679
   -0.035169    -0.027877    -0.069904    -0.032271    -0.065867    -0.052628    -0.046397     0.033961     0.033502     0.019792     0.027100     0.015666     0.040601     0.032728     0.030927     0.019883     0.028537    -0.001066     0.022266     0.027239     0.039810     0.056593     0.093442     0.065671     0.032996     0.049879     0.036867     0.158282     0.190345     0.175132     0.192516     0.170797     0.196080     0.178536     0.246850     0.176679     0.183662     0.155435     0.218582     0.172891     0.198139     0.091286     0.160474     0.141168     0.167856     0.110423     0.097036     0.071324     0.095394     0.142930     0.121909     0.125408
   -0.029646    -0.025471    -0.060899    -0.025217    -0.060281    -0.049880    -0.037760     0.033683     0.029044     0.019223     0.023376     0.014613     0.036816     0.025481     0.026782     0.019273     0.025303     0.001241     0.019570     0.029150     0.037155     0.054268     0.080208     0.065094     0.034827     0.046548     0.040371     0.120660     0.147401     0.142063     0.154020     0.140759     0.158753     0.130663     0.176679     0.163420     0.149029     0.130450     0.164929     0.143570     0.153423     0.082000     0.133476     0.122556     0.132810     0.107709     0.096303     0.078234     0.112184     0.144019     0.111840     0.106352
   -0.035201    -0.033017    -0.069628    -0.036596    -0.061959    -0.051660    -0.046528     0.030155     0.028760     0.016709     0.024185     0.021527     0.038962     0.022756     0.029313     0.010695     0.021690    -0.008875     0.018849     0.028841     0.037793     0.057111     0.079065     0.066619     0.034214     0.056049     0.040501     0.136906     0.157343     0.146008     0.159342     0.149299     0.167327     0.156454     0.183662     0.149029     0.186831     0.129650     0.176840     0.143587     0.164698     0.081448     0.135171     0.125977     0.145281     0.095430     0.092830     0.065701     0.086976     0.130225     0.130077     0.134765
   -0.030471    -0.031482    -0.063661    -0.035991    -0.068036    -0.059208    -0.043454     0.032565     0.035393     0.026921     0.030600     0.024560     0.041671     0.034391     0.034075     0.022010     0.030730     0.001735     0.026115     0.031010     0.039008     0.052931     0.077462     0.060908     0.032927     0.049926     0.037531     0.109711     0.134183     0.137089     0.139492     0.128691     0.143322     0.119918     0.155435     0.130450     0.129650     0.143812     0.145241     0.133137     0.143556     0.081598     0.126396     0.117443     0.123578     0.093824     0.089383     0.066949     0.097403     0.122235     0.090727     0.103903
   -0.011583    -0.002779    -0.050254    -0.007456    -0.048795    -0.028826    -0.017711     0.023133     0.026688     0.011505     0.018794     0.008349     0.031457     0.017351     0.024984     0.020281     0.021981     0.003303     0.019847     0.032554     0.042915     0.051949     0.090394     0.073981     0.037110     0.048691     0.037756     0.165612     0.187791     0.160370     0.186190     0.158927     0.192300     0.176294     0.218582     0.164929     0.176840     0.145241     0.245471     0.168633     0.190132     0.089286     0.149039     0.135849     0.164743     0.104085     0.089216     0.059063     0.077054     0.134255     0.139944     0.143042
   -0.023698    -0.014452    -0.053643    -0.019614    -0.044665    -0.026468    -0.031038     0.034774     0.037001     0.020551     0.028137     0.022585     0.039975     0.023784     0.031751     0.022051     0.029731     0.007033     0.025971     0.036273     0.037645     0.059071     0.079723     0.066934     0.034860     0.055263     0.041761     0.124175     0.143560     0.143079     0.154951     0.138564     0.160669     0.127462     0.172891     0.143570     0.143587     0.133137     0.168633     0.175852     0.155596     0.089298     0.133536     0.121683     0.142068     0.116961     0.107178     0.082957     0.099388     0.184004     0.103353     0.108420
   -0.045104    -0.043148    -0.073232    -0.046498    -0.078372    -0.063312    -0.057755     0.020134     0.024725     0.008569     0.017639     0.011464     0.035509     0.016946     0.020539     0.007008     0.018309    -0.010157     0.011989     0.024410     0.030974     0.050903     0.081299     0.060658     0.029368     0.047661     0.031240     0.142833     0.178114     0.159843     0.173551     0.153676     0.176692     0.156978     0.198139     0.153423     0.164698     0.143556     0.190132     0.155596     0.198883     0.086823     0.145393     0.127004     0.152662     0.092805     0.082742     0.055264     0.086904     0.114433     0.101725     0.114185
   -0.026561    -0.032181    -0.049759    -0.027111    -0.059107    -0.051020    -0.036920     0.067888     0.083329     0.067799     0.074462     0.073375     0.081900     0.073385     0.077566     0.052188     0.065309     0.031795     0.055798     0.069456     0.068116     0.076438     0.073732     0.093763     0.064936     0.077871     0.070686     0.066565     0.080276     0.090887     0.083179     0.080762     0.087166     0.062699     0.091286     0.082000     0.081448     0.081598     0.089286     0.089298     0.086823     0.100698     0.072697     0.082634     0.078130     0.066259     0.060601     0.049843     0.062039     0.114913     0.055382     0.071312
   -0.039547    -0.036367    -0.065613    -0.040193    -0.065293    -0.050659    -0.047958     0.021399     0.021232     0.011412     0.018250     0.012768     0.029760     0.015826     0.021353     0.011229     0.018164    -0.006934     0.012655     0.016519     0.024657     0.039200     0.069841     0.047665     0.020375     0.035945     0.022939     0.114757     0.137624     0.136261     0.143035     0.133928     0.144548     0.124563     0.160474     0.133476     0.135171     0.126396     0.149039     0.133536     0.145393     0.072697     0.145265     0.116975     0.124283     0.105118     0.108897     0.072045     0.097672     0.138453     0.092617     0.091430
   -0.038703    -0.034392    -0.061495    -0.038903    -0.067720    -0.054185    -0.047269     0.041757     0.050048     0.041407     0.043860     0.043588     0.056906     0.040917     0.047563     0.026009     0.033744     0.001374     0.031035     0.038802     0.044268     0.055960     0.078890     0.070648     0.036944     0.057229     0.045190     0.102802     0.121038     0.126635     0.126604     0.123112     0.128284     0.111389     0.141168     0.122556     0.125977     0.117443     0.135849     0.121683     0.127004     0.082634     0.116975     0.136750     0.114744     0.094743     0.088079     0.067605     0.084536     0.139447     0.089210     0.091679
   -0.021785    -0.016150    -0.047558    -0.021288    -0.046141    -0.031485    -0.030357     0.026561     0.032324     0.016286     0.023615     0.020824     0.035786     0.023460     0.026093     0.015760     0.022528    -0.000720     0.020690     0.027003     0.033964     0.050072     0.073033     0.058597     0.028597     0.047813     0.034965     0.126807     0.144373     0.134749     0.147425     0.133564     0.151442     0.135779     0.167856     0.132810     0.145281     0.123578     0.164743     0.142068     0.152662     0.078130     0.124283     0.114744     0.155188     0.094571     0.093072     0.062431     0.078100     0.136941     0.091906     0.107963
   -0.066778    -0.071300    -0.099426    -0.055184    -0.098684    -0.078168    -0.067826     0.032883     0.020643     0.016595     0.008289     0.017888     0.037632     0.007667     0.015729     0.001914     0.012477    -0.023707     0.003640     0.027676     0.023314     0.047207     0.063254     0.047319     0.016460     0.033571     0.031561     0.064147     0.094245     0.096807     0.100968     0.107697     0.109124     0.060610     0.110423     0.107709     0.095430     0.093824     0.104085     0.116961     0.092805     0.066259     0.105118     0.094743     0.094571     0.280138     0.309403     0.209435     0.269056     0.382677     0.062574     0.069390
   -0.071579    -0.092206    -0.116180    -0.065829    -0.115913    -0.090419    -0.080204     0.043168     0.017004     0.018022    -0.001269     0.022403     0.038948     0.005933     0.017638    -0.003272     0.011873    -0.030976    -0.001021     0.026892     0.028441     0.050174     0.063859     0.060977     0.017249     0.034485     0.037669     0.064548     0.082694     0.069956     0.091698     0.107601     0.111183     0.050529     0.097036     0.096303     0.092830     0.089383     0.089216     0.107178     0.082742     0.060601     0.108897     0.088079     0.093072     0.309403     0.488011     0.239347     0.315289     0.445629     0.051377     0.078832
   -0.054895    -0.061882    -0.083346    -0.049367    -0.074067    -0.064200    -0.060097     0.039413     0.025710     0.028197     0.020298     0.029993     0.037531     0.023279     0.029064     0.008433     0.022829    -0.011465     0.014590     0.027615     0.026632     0.047123     0.051968     0.040198     0.016658     0.034737     0.031963     0.037533     0.054996     0.066467     0.065853     0.078837     0.073039     0.038028     0.071324     0.078234     0.065701     0.066949     0.059063     0.082957     0.055264     0.049843     0.072045     0.067605     0.062431     0.209435     0.239347     0.198276     0.226476     0.297513     0.062926     0.062787
   -0.074562    -0.095453    -0.114919    -0.064751    -0.137452    -0.120715    -0.087351     0.041593     0.017600     0.026757     0.003659     0.012778     0.035876     0.015568     0.016782     0.007230     0.025000    -0.019989     0.001021     0.026378     0.030114     0.052447     0.065701     0.056582     0.014611     0.035219     0.034992     0.042847     0.088907     0.090776     0.092007     0.108085     0.101022     0.046492     0.095394     0.112184     0.086976     0.097403     0.077054     0.099388     0.086904     0.062039     0.097672     0.084536     0.078100     0.269056     0.315289     0.226476     0.407764     0.400275     0.098079     0.085187
   -0.091500    -0.085988    -0.116960    -0.071959    -0.113037    -0.053846    -0.092503     0.064001     0.052940     0.052684     0.029212     0.048119     0.072471     0.031629     0.036673     0.025214     0.042042    -0.015269     0.025698     0.067613     0.048068     0.089008     0.098421     0.090735     0.041892     0.072906     0.073656     0.083393     0.111819     0.138819     0.131569     0.143780     0.154019     0.068866     0.142930     0.144019     0.130225     0.122235     0.134255     0.184004     0.114433     0.114913     0.138453     0.139447     0.136941     0.382677     0.445629     0.297513     0.400275     0.781165     0.107788     0.135817
   -0.010012     0.002121    -0.036567    -0.012049    -0.016975    -0.017189    -0.014511     0.032368     0.022759     0.036043     0.031720     0.028445     0.026221     0.026332     0.041351     0.019194     0.029430     0.017986     0.029228     0.033640     0.037111     0.039895     0.062859     0.049002     0.032492     0.044435     0.035190     0.106927     0.108711     0.092307     0.121987     0.104858     0.126339     0.099127     0.121909     0.111840     0.130077     0.090727     0.139944     0.103353     0.101725     0.055382     0.092617     0.089210     0.091906     0.062574     0.051377     0.062926     0.098079     0.107788     0.351904     0.270863
    0.008446     0.021008    -0.021914     0.001719    -0.028858    -0.010381    -0.001933     0.030968     0.036708     0.028123     0.027504     0.040181     0.037169     0.039185     0.043052     0.019199     0.022508     0.017015     0.027353     0.041938     0.043995     0.058820     0.066674     0.060551     0.041343     0.059465     0.046754     0.123194     0.117311     0.097942     0.121097     0.104733     0.132122     0.092679     0.125408     0.106352     0.134765     0.103903     0.143042     0.108420     0.114185     0.071312     0.091430     0.091679     0.107963     0.069390     0.078832     0.062787     0.085187     0.135817     0.270863     0.432052
