    0.176642     0.186638     0.170885     0.174904     0.170956     0.180329     0.178470    -0.020377    -0.032524    -0.028697    -0.032314    -0.037561    -0.045066    -0.026373    -0.037417     0.015675    -0.018820     0.039940     0.002835    -0.009056    -0.004377    -0.012727    -0.030979    -0.021481    -0.004551    -0.016850    -0.003636    -0.004110    -0.034513    -0.043144    -0.028363    -0.034236    -0.025329    -0.020740    -0.034454    -0.024687    -0.032446    -0.030820    -0.008885    -0.020082    -0.038197    -0.022352    -0.038629    -0.036157    -0.018401    -0.061238    -0.061395    -0.050463    -0.065611    -0.082513    -0.003991     0.020875
    0.186638     0.242975     0.208796     0.205456     0.219095     0.245603     0.211933    -0.033894    -0.042796    -0.040943    -0.044636    -0.050226    -0.061130    -0.041256    -0.056864     0.007325    -0.030730     0.038602    -0.005845    -0.022027    -0.020196    -0.023390    -0.041473    -0.037517    -0.016196    -0.030719    -0.017954     0.004685    -0.029298    -0.042563    -0.025043    -0.037310    -0.023929    -0.016531    -0.032239    -0.023483    -0.033051    -0.033206    -0.004421    -0.010923    -0.039281    -0.027205    -0.037513    -0.035113    -0.013836    -0.068735    -0.082556    -0.056192    -0.084701    -0.077848     0.005744     0.033796
    0.170885     0.208796     0.252243     0.178115     0.248093     0.253108     0.193430    -0.049796    -0.055468    -0.050703    -0.054536    -0.055236    -0.071118    -0.057949    -0.062967    -0.010048    -0.046466     0.024920    -0.021348    -0.033658    -0.034210    -0.039009    -0.061446    -0.054067    -0.027119    -0.043742    -0.031581    -0.027464    -0.058543    -0.070663    -0.054645    -0.067100    -0.057886    -0.047956    -0.069451    -0.056327    -0.064855    -0.061705    -0.046216    -0.045798    -0.063738    -0.043343    -0.062688    -0.060311    -0.040647    -0.097279    -0.107538    -0.079914    -0.106096    -0.114032    -0.026662    -0.009713
    0.174904     0.205456     0.178115     0.207977     0.178549     0.197820     0.197735    -0.023161    -0.032516    -0.034934    -0.036544    -0.042157    -0.048856    -0.033331    -0.043344     0.014622    -0.021700     0.045268    -0.001282    -0.010057    -0.009357    -0.015607    -0.034142    -0.021633    -0.005437    -0.021874    -0.007721    -0.003721    -0.029138    -0.042750    -0.026066    -0.034413    -0.024886    -0.026718    -0.031503    -0.021568    -0.032585    -0.034471    -0.004334    -0.014420    -0.039212    -0.021786    -0.037843    -0.037944    -0.016241    -0.054636    -0.060099    -0.045002    -0.059677    -0.069423    -0.004406     0.012745
    0.170956     0.219095     0.248093     0.178549     0.365225     0.319873     0.199563    -0.053110    -0.065590    -0.059436    -0.062536    -0.062139    -0.084469    -0.072868    -0.078024    -0.023044    -0.057254     0.016315    -0.028987    -0.044811    -0.047917    -0.049523    -0.073151    -0.068697    -0.036960    -0.053204    -0.042132    -0.028216    -0.064339    -0.075931    -0.052746    -0.070588    -0.052989    -0.030932    -0.064674    -0.056930    -0.060898    -0.069047    -0.046748    -0.039578    -0.068104    -0.052344    -0.063230    -0.067487    -0.040961    -0.100331    -0.110229    -0.074835    -0.129298    -0.112226    -0.008257    -0.019110
    0.180329     0.245603     0.253108     0.197820     0.319873     0.466662     0.212178    -0.041373    -0.050803    -0.052969    -0.055546    -0.056868    -0.072626    -0.060100    -0.067750    -0.007514    -0.045765     0.037260    -0.018759    -0.030018    -0.031088    -0.039657    -0.056708    -0.044853    -0.026203    -0.047760    -0.026499     0.001283    -0.043830    -0.063894    -0.034836    -0.051969    -0.036093    -0.031081    -0.048878    -0.043859    -0.046493    -0.053855    -0.023862    -0.018767    -0.053905    -0.040301    -0.046068    -0.052608    -0.022165    -0.069163    -0.079822    -0.061233    -0.108750    -0.050037    -0.003895     0.005197
    0.178470     0.211933     0.193430     0.197735     0.199563     0.212178     0.212478    -0.034693    -0.046274    -0.043466    -0.046155    -0.051763    -0.062241    -0.044633    -0.056079     0.006219    -0.031505     0.039178    -0.006151    -0.020104    -0.019770    -0.027507    -0.045713    -0.035888    -0.014116    -0.033835    -0.019618    -0.010849    -0.041906    -0.053121    -0.036612    -0.048683    -0.035982    -0.031899    -0.044364    -0.034134    -0.043859    -0.042510    -0.016178    -0.025035    -0.050276    -0.031489    -0.046872    -0.046213    -0.026341    -0.067504    -0.073467    -0.055920    -0.082347    -0.087845    -0.008996     0.008176
   -0.020377    -0.033894    -0.049796    -0.023161    -0.053110    -0.041373    -0.034693     0.109513     0.114448     0.107657     0.105862     0.109418     0.105597     0.115816     0.109383     0.078979     0.094866     0.060355     0.081806     0.085680     0.084054     0.080753     0.060809     0.089192     0.075455     0.082926     0.082510     0.017070     0.013171     0.021636     0.017472     0.027986     0.022762     0.006937     0.021702     0.026763     0.022900     0.026580     0.017049     0.029805     0.015320     0.057851     0.011190     0.033022     0.023910     0.037603     0.041146     0.038570     0.038647     0.065046     0.037766     0.040357
   -0.032524    -0.042796    -0.055468    -0.032516    -0.065590    -0.050803    -0.046274     0.114448     0.155588     0.130717     0.133739     0.138431     0.132625     0.142818     0.133852     0.091369     0.109342     0.073136     0.095150     0.098435     0.091163     0.088624     0.066617     0.099357     0.086892     0.094575     0.090048     0.018934     0.015829     0.024958     0.014432     0.024915     0.015423    -0.002890     0.016022     0.018890     0.017891     0.025024     0.014777     0.028493     0.016726     0.068674     0.008452     0.037578     0.025935     0.021778     0.008663     0.018993     0.011665     0.045635     0.025754     0.041190
   -0.028697    -0.040943    -0.050703    -0.034934    -0.059436    -0.052969    -0.043466     0.107657     0.130717     0.135682     0.122807     0.126341     0.118800     0.136119     0.123055     0.085837     0.104462     0.066085     0.090601     0.088793     0.085691     0.078596     0.062622     0.086662     0.075819     0.085206     0.082324     0.008391     0.001004     0.015061     0.004010     0.017831     0.005566    -0.002069     0.006423     0.012358     0.007843     0.019547     0.002497     0.014588     0.002095     0.054919     0.000433     0.030933     0.011014     0.019308     0.012304     0.023102     0.020559     0.046076     0.038765     0.031405
   -0.032314    -0.044636    -0.054536    -0.036544    -0.062536    -0.055546    -0.046155     0.105862     0.133739     0.122807     0.131909     0.129598     0.122060     0.134766     0.126825     0.083639     0.102754     0.066924     0.089903     0.087409     0.085051     0.079305     0.062335     0.088542     0.077059     0.086571     0.079251     0.014764     0.010338     0.023973     0.011839     0.024546     0.012560     0.000771     0.013310     0.016100     0.015754     0.022967     0.010341     0.021768     0.012116     0.060272     0.007934     0.033652     0.019316     0.011438    -0.003522     0.016258    -0.000085     0.026618     0.034354     0.032101
   -0.037561    -0.050226    -0.055236    -0.042157    -0.062139    -0.056868    -0.051763     0.109418     0.138431     0.126341     0.129598     0.148540     0.128482     0.133440     0.132812     0.081549     0.103390     0.064144     0.089892     0.094033     0.090376     0.083729     0.062094     0.096371     0.080843     0.095786     0.085477     0.008970     0.004986     0.015654     0.003829     0.018427     0.005106    -0.002268     0.001790     0.007666     0.012659     0.016182     0.000377     0.015247     0.006403     0.061173     0.002076     0.034029     0.015310     0.020443     0.014292     0.024969     0.008225     0.043504     0.033318     0.043267
   -0.045066    -0.061130    -0.071118    -0.048856    -0.084469    -0.072626    -0.062241     0.105597     0.132625     0.118800     0.122060     0.128482     0.135846     0.126649     0.125760     0.078196     0.097955     0.055840     0.082158     0.092082     0.086525     0.084621     0.070038     0.102154     0.080409     0.091746     0.086040     0.019396     0.024386     0.033388     0.021508     0.033303     0.024587     0.009202     0.023775     0.026099     0.027692     0.031320     0.020817     0.029547     0.026588     0.066988     0.017428     0.044542     0.028249     0.036381     0.029416     0.030487     0.029607     0.065348     0.026975     0.042748
   -0.026373    -0.041256    -0.057949    -0.033331    -0.072868    -0.060100    -0.044633     0.115816     0.142818     0.136119     0.134766     0.133440     0.126649     0.162360     0.132882     0.096375     0.116103     0.079006     0.101071     0.095153     0.093309     0.087805     0.068966     0.093033     0.083734     0.090960     0.088430     0.015883     0.007829     0.023456     0.009795     0.025181     0.013522     0.002786     0.017969     0.018712     0.013956     0.026814     0.008778     0.018723     0.009613     0.060444     0.004834     0.030064     0.018192     0.010543    -0.000523     0.018529     0.011709     0.029257     0.030547     0.044409
   -0.037417    -0.056864    -0.062967    -0.043344    -0.078024    -0.067750    -0.056079     0.109383     0.133852     0.123055     0.126825     0.132812     0.125760     0.132882     0.149022     0.085747     0.107388     0.065008     0.091549     0.098657     0.094081     0.085440     0.069381     0.104989     0.084730     0.097755     0.090263     0.016291     0.014312     0.022367     0.015775     0.028367     0.017319     0.005546     0.016361     0.018886     0.022888     0.024735     0.015015     0.022430     0.016976     0.063963     0.011112     0.036842     0.023159     0.017954     0.016220     0.023998     0.014707     0.028634     0.051579     0.054141
    0.015675     0.007325    -0.010048     0.014622    -0.023044    -0.007514     0.006219     0.078979     0.091369     0.085837     0.083639     0.081549     0.078196     0.096375     0.085747     0.092001     0.085859     0.068627     0.080075     0.070360     0.070143     0.059617     0.045828     0.069050     0.064430     0.062441     0.064748     0.012522     0.004145     0.012229     0.008692     0.014395     0.010928    -0.003646     0.012075     0.016480     0.006012     0.018142     0.015470     0.020513     0.004024     0.044015     0.005441     0.019259     0.013295     0.006335    -0.001050     0.009592     0.008518     0.024155     0.025467     0.027801
   -0.018820    -0.030730    -0.046466    -0.021700    -0.057254    -0.045765    -0.031505     0.094866     0.109342     0.104462     0.102754     0.103390     0.097955     0.116103     0.107388     0.085859     0.107970     0.066599     0.086491     0.081958     0.082294     0.072889     0.057959     0.082479     0.072611     0.077938     0.073589     0.014402     0.011470     0.021773     0.013665     0.022957     0.016558     0.012187     0.017596     0.019149     0.014516     0.024426     0.014775     0.024912     0.012313     0.052443     0.009665     0.024712     0.018194     0.015058     0.008853     0.021168     0.021628     0.039395     0.033331     0.028339
    0.039940     0.038602     0.024920     0.045268     0.016315     0.037260     0.039178     0.060355     0.073136     0.066085     0.066924     0.064144     0.055840     0.079006     0.065008     0.068627     0.066599     0.085102     0.064066     0.055202     0.051391     0.041881     0.028292     0.048496     0.050594     0.044769     0.048138     0.008224    -0.009448    -0.004564    -0.005171    -0.003493    -0.005400    -0.019163    -0.006986    -0.000332    -0.010355     0.000148    -0.000158     0.007814    -0.009350     0.028232    -0.010969    -0.003289     0.000264    -0.018257    -0.027303    -0.008930    -0.015803    -0.010697     0.024268     0.024701
    0.002835    -0.005845    -0.021348    -0.001282    -0.028987    -0.018759    -0.006151     0.081806     0.095150     0.090601     0.089903     0.089892     0.082158     0.101071     0.091549     0.080075     0.086491     0.064066     0.088063     0.072154     0.071214     0.064451     0.046819     0.068509     0.064613     0.070117     0.065427     0.017105     0.005572     0.016670     0.011864     0.019487     0.012771     0.001938     0.012549     0.016094     0.013745     0.021081     0.013575     0.023062     0.008777     0.046984     0.006642     0.023721     0.018719     0.007739    -0.001609     0.014665     0.000623     0.026337     0.033390     0.033764
   -0.009056    -0.022027    -0.033658    -0.010057    -0.044811    -0.030018    -0.020104     0.085680     0.098435     0.088793     0.087409     0.094033     0.092082     0.095153     0.098657     0.070360     0.081958     0.055202     0.072154     0.104774     0.088472     0.080791     0.059656     0.097404     0.084808     0.090269     0.089913     0.024066     0.019870     0.021853     0.018086     0.020736     0.025841     0.013799     0.016687     0.023298     0.022554     0.024156     0.025515     0.030389     0.022196     0.060277     0.008971     0.029706     0.023812     0.031676     0.026258     0.026045     0.025631     0.065550     0.037317     0.046651
   -0.004377    -0.020196    -0.034210    -0.009357    -0.047917    -0.031088    -0.019770     0.084054     0.091163     0.085691     0.085051     0.090376     0.086525     0.093309     0.094081     0.070143     0.082294     0.051391     0.071214     0.088472     0.094305     0.077284     0.061436     0.094451     0.078630     0.084793     0.083607     0.029902     0.026569     0.028057     0.024810     0.030532     0.033368     0.028416     0.027087     0.031284     0.030375     0.031937     0.032797     0.031433     0.026576     0.057311     0.015773     0.035886     0.030499     0.025482     0.023326     0.024278     0.025950     0.045672     0.037827     0.047319
   -0.012727    -0.023390    -0.039009    -0.015607    -0.049523    -0.039657    -0.027507     0.080753     0.088624     0.078596     0.079305     0.083729     0.084621     0.087805     0.085440     0.059617     0.072889     0.041881     0.064451     0.080791     0.077284     0.093726     0.063385     0.095016     0.072987     0.086906     0.081874     0.044896     0.045401     0.048809     0.045394     0.052359     0.055182     0.033887     0.050546     0.050745     0.052968     0.048460     0.047552     0.054699     0.050095     0.069752     0.032453     0.050681     0.048009     0.053458     0.048524     0.046272     0.055140     0.089172     0.044699     0.065283
   -0.030979    -0.041473    -0.061446    -0.034142    -0.073151    -0.056708    -0.045713     0.060809     0.066617     0.062622     0.062335     0.062094     0.070038     0.068966     0.069381     0.045828     0.057959     0.028292     0.046819     0.059656     0.061436     0.063385     0.080406     0.076251     0.053902     0.065615     0.059413     0.069763     0.077418     0.078119     0.078440     0.079589     0.084575     0.068701     0.088630     0.078336     0.075067     0.075545     0.085088     0.080153     0.080706     0.064449     0.065753     0.075281     0.072645     0.068539     0.062492     0.052876     0.068950     0.096258     0.070147     0.075690
   -0.021481    -0.037517    -0.054067    -0.021633    -0.068697    -0.044853    -0.035888     0.089192     0.099357     0.086662     0.088542     0.096371     0.102154     0.093033     0.104989     0.069050     0.082479     0.048496     0.068509     0.097404     0.094451     0.095016     0.076251     0.162010     0.087740     0.100315     0.096949     0.052048     0.054612     0.053434     0.051466     0.056391     0.061671     0.047253     0.055303     0.058704     0.058314     0.053507     0.063844     0.059192     0.056225     0.083483     0.038495     0.061993     0.055315     0.048945     0.056065     0.037594     0.051828     0.082140     0.051608     0.067070
   -0.004551    -0.016196    -0.027119    -0.005437    -0.036960    -0.026203    -0.014116     0.075455     0.086892     0.075819     0.077059     0.080843     0.080409     0.083734     0.084730     0.064430     0.072611     0.050594     0.064613     0.084808     0.078630     0.072987     0.053902     0.087740     0.083413     0.077332     0.079569     0.030231     0.027297     0.026264     0.024357     0.025082     0.032350     0.019005     0.023742     0.028945     0.028257     0.026699     0.030482     0.030424     0.027985     0.056396     0.014727     0.030078     0.027454     0.020300     0.017444     0.015996     0.013694     0.040961     0.033736     0.048311
   -0.016850    -0.030719    -0.043742    -0.021874    -0.053204    -0.047760    -0.033835     0.082926     0.094575     0.085206     0.086571     0.095786     0.091746     0.090960     0.097755     0.062441     0.077938     0.044769     0.070117     0.090269     0.084793     0.086906     0.065615     0.100315     0.077332     0.105524     0.088033     0.043175     0.041108     0.044408     0.039694     0.045818     0.047232     0.038385     0.042816     0.043152     0.050387     0.045562     0.043509     0.051071     0.047756     0.069928     0.028749     0.051041     0.046835     0.039332     0.033788     0.035061     0.034579     0.071550     0.049614     0.069257
   -0.003636    -0.017954    -0.031581    -0.007721    -0.042132    -0.026499    -0.019618     0.082510     0.090048     0.082324     0.079251     0.085477     0.086040     0.088430     0.090263     0.064748     0.073589     0.048138     0.065427     0.089913     0.083607     0.081874     0.059413     0.096949     0.079569     0.088033     0.096449     0.030395     0.025430     0.025925     0.024503     0.029663     0.035587     0.021510     0.026597     0.033707     0.034481     0.030984     0.030507     0.034554     0.028349     0.060659     0.014280     0.037537     0.031742     0.033745     0.036099     0.030138     0.033924     0.068098     0.036957     0.054365
   -0.004110     0.004685    -0.027464    -0.003721    -0.028216     0.001283    -0.010849     0.017070     0.018934     0.008391     0.014764     0.008970     0.019396     0.015883     0.016291     0.012522     0.014402     0.008224     0.017105     0.024066     0.029902     0.044896     0.069763     0.052048     0.030231     0.043175     0.030395     0.163945     0.155543     0.130072     0.150107     0.133715     0.154220     0.140219     0.166857     0.133367     0.142639     0.116897     0.168514     0.139764     0.153722     0.069745     0.119999     0.109588     0.138126     0.079360     0.075369     0.046608     0.059564     0.100895     0.121908     0.140902
   -0.034513    -0.029298    -0.058543    -0.029138    -0.064339    -0.043830    -0.041906     0.013171     0.015829     0.001004     0.010338     0.004986     0.024386     0.007829     0.014312     0.004145     0.011470    -0.009448     0.005572     0.019870     0.026569     0.045401     0.077418     0.054612     0.027297     0.041108     0.025430     0.155543     0.195567     0.152468     0.171991     0.152849     0.174465     0.154518     0.197553     0.153321     0.158545     0.138187     0.186448     0.152639     0.183766     0.075005     0.141673     0.124592     0.153340     0.101850     0.087682     0.059286     0.097171     0.111967     0.118307     0.131654
   -0.043144    -0.042563    -0.070663    -0.042750    -0.075931    -0.063894    -0.053121     0.021636     0.024958     0.015061     0.023973     0.015654     0.033388     0.023456     0.022367     0.012229     0.021773    -0.004564     0.016670     0.021853     0.028057     0.048809     0.078119     0.053434     0.026264     0.044408     0.025925     0.130072     0.152468     0.162069     0.153146     0.145078     0.157110     0.130747     0.169997     0.142324     0.143321     0.134877     0.153978     0.146911     0.160594     0.080396     0.133045     0.124233     0.137724     0.096115     0.071378     0.065110     0.088920     0.132748     0.096641     0.103427
   -0.028363    -0.025043    -0.054645    -0.026066    -0.052746    -0.034836    -0.036612     0.017472     0.014432     0.004010     0.011839     0.003829     0.021508     0.009795     0.015775     0.008692     0.013665    -0.005171     0.011864     0.018086     0.024810     0.045394     0.078440     0.051466     0.024357     0.039694     0.024503     0.150107     0.171991     0.153146     0.176277     0.156049     0.175960     0.145357     0.192853     0.155272     0.158481     0.139572     0.180007     0.160960     0.175961     0.077331     0.142404     0.126538     0.151963     0.105264     0.095489     0.068825     0.098297     0.130683     0.127230     0.132601
   -0.034236    -0.037310    -0.067100    -0.034413    -0.070588    -0.051969    -0.048683     0.027986     0.024915     0.017831     0.024546     0.018427     0.033303     0.025181     0.028367     0.014395     0.022957    -0.003493     0.019487     0.020736     0.030532     0.052359     0.079589     0.056391     0.025082     0.045818     0.029663     0.133715     0.152849     0.145078     0.156049     0.162787     0.161367     0.131072     0.173311     0.145285     0.150622     0.132346     0.158435     0.145328     0.159456     0.076145     0.135528     0.124604     0.139159     0.111780     0.111585     0.081512     0.111890     0.135807     0.117494     0.118248
   -0.025329    -0.023929    -0.057886    -0.024886    -0.052989    -0.036093    -0.035982     0.022762     0.015423     0.005566     0.012560     0.005106     0.024587     0.013522     0.017319     0.010928     0.016558    -0.005400     0.012771     0.025841     0.033368     0.055182     0.084575     0.061671     0.032350     0.047232     0.035587     0.154220     0.174465     0.157110     0.175960     0.161367     0.194774     0.155786     0.197445     0.162701     0.167063     0.144884     0.186210     0.166628     0.180699     0.082455     0.145903     0.130370     0.156397     0.117136     0.114293     0.076660     0.110157     0.153014     0.133002     0.141135
   -0.020740    -0.016531    -0.047956    -0.026718    -0.030932    -0.031081    -0.031899     0.006937    -0.002890    -0.002069     0.000771    -0.002268     0.009202     0.002786     0.005546    -0.003646     0.012187    -0.019163     0.001938     0.013799     0.028416     0.033887     0.068701     0.047253     0.019005     0.038385     0.021510     0.140219     0.154518     0.130747     0.145357     0.131072     0.155786     0.208670     0.174153     0.128536     0.149244     0.117611     0.164979     0.128727     0.154667     0.050573     0.117695     0.107956     0.134524     0.059254     0.051134     0.035832     0.048223     0.066056     0.102510     0.099492
   -0.034454    -0.032239    -0.069451    -0.031503    -0.064674    -0.048878    -0.044364     0.021702     0.016022     0.006423     0.013310     0.001790     0.023775     0.017969     0.016361     0.012075     0.017596    -0.006986     0.012549     0.016687     0.027087     0.050546     0.088630     0.055303     0.023742     0.042816     0.026597     0.166857     0.197553     0.169997     0.192853     0.173311     0.197445     0.174153     0.244365     0.175775     0.180839     0.155089     0.211300     0.176990     0.197631     0.079924     0.155375     0.139021     0.171488     0.117086     0.100005     0.074170     0.105076     0.141305     0.127666     0.137060
   -0.024687    -0.023483    -0.056327    -0.021568    -0.056930    -0.043859    -0.034134     0.026763     0.018890     0.012358     0.016100     0.007666     0.026099     0.018712     0.018886     0.016480     0.019149    -0.000332     0.016094     0.023298     0.031284     0.050745     0.078336     0.058704     0.028945     0.043152     0.033707     0.133367     0.153321     0.142324     0.155272     0.145285     0.162701     0.128536     0.175775     0.160663     0.145632     0.132315     0.160500     0.147583     0.155630     0.075783     0.132681     0.123489     0.138045     0.110060     0.100756     0.079591     0.116658     0.139386     0.118795     0.116413
   -0.032446    -0.033051    -0.064855    -0.032585    -0.060898    -0.046493    -0.043859     0.022900     0.017891     0.007843     0.015754     0.012659     0.027692     0.013956     0.022888     0.006012     0.014516    -0.010355     0.013745     0.022554     0.030375     0.052968     0.075067     0.058314     0.028257     0.050387     0.034481     0.142639     0.158545     0.143321     0.158481     0.150622     0.167063     0.149244     0.180839     0.145632     0.177318     0.128528     0.166115     0.146826     0.164637     0.073273     0.132286     0.123331     0.146638     0.100169     0.096513     0.065638     0.091501     0.132113     0.128543     0.139402
   -0.030820    -0.033206    -0.061705    -0.034471    -0.069047    -0.053855    -0.042510     0.026580     0.025024     0.019547     0.022967     0.016182     0.031320     0.026814     0.024735     0.018142     0.024426     0.000148     0.021081     0.024156     0.031937     0.048460     0.075545     0.053507     0.026699     0.045562     0.030984     0.116897     0.138187     0.134877     0.139572     0.132346     0.144884     0.117611     0.155089     0.132315     0.128528     0.139744     0.137988     0.135179     0.146345     0.074016     0.121613     0.116347     0.126288     0.095935     0.084521     0.067866     0.100231     0.111901     0.093207     0.104689
   -0.008885    -0.004421    -0.046216    -0.004334    -0.046748    -0.023862    -0.016178     0.017049     0.014777     0.002497     0.010341     0.000377     0.020817     0.008778     0.015015     0.015470     0.014775    -0.000158     0.013575     0.025515     0.032797     0.047552     0.085088     0.063844     0.030482     0.043509     0.030507     0.168514     0.186448     0.153978     0.180007     0.158435     0.186210     0.164979     0.211300     0.160500     0.166115     0.137988     0.225570     0.169025     0.182550     0.077613     0.141651     0.128853     0.161152     0.106621     0.089088     0.062035     0.083372     0.132054     0.140812     0.146677
   -0.020082    -0.010923    -0.045798    -0.014420    -0.039578    -0.018767    -0.025035     0.029805     0.028493     0.014588     0.021768     0.015247     0.029547     0.018723     0.022430     0.020513     0.024912     0.007814     0.023062     0.030389     0.031433     0.054699     0.080153     0.059192     0.030424     0.051071     0.034554     0.139764     0.152639     0.146911     0.160960     0.145328     0.166628     0.128727     0.176990     0.147583     0.146826     0.135179     0.169025     0.179442     0.162608     0.084301     0.134275     0.123848     0.150101     0.120409     0.107147     0.081482     0.102178     0.174446     0.115047     0.119097
   -0.038197    -0.039281    -0.063738    -0.039212    -0.068104    -0.053905    -0.050276     0.015320     0.016726     0.002095     0.012116     0.006403     0.026588     0.009613     0.016976     0.004024     0.012313    -0.009350     0.008777     0.022196     0.026576     0.050095     0.080706     0.056225     0.027985     0.047756     0.028349     0.153722     0.183766     0.160594     0.175961     0.159456     0.180699     0.154667     0.197631     0.155630     0.164637     0.146345     0.182550     0.162608     0.198035     0.081106     0.146149     0.129411     0.158251     0.102409     0.088713     0.060115     0.095078     0.116530     0.110623     0.126689
   -0.022352    -0.027205    -0.043343    -0.021786    -0.052344    -0.040301    -0.031489     0.057851     0.068674     0.054919     0.060272     0.061173     0.066988     0.060444     0.063963     0.044015     0.052443     0.028232     0.046984     0.060277     0.057311     0.069752     0.064449     0.083483     0.056396     0.069928     0.060659     0.069745     0.075005     0.080396     0.077331     0.076145     0.082455     0.050573     0.079924     0.075783     0.073273     0.074016     0.077613     0.084301     0.081106     0.087229     0.063636     0.075175     0.075966     0.066345     0.057352     0.047858     0.060227     0.111164     0.058971     0.080670
   -0.038629    -0.037513    -0.062688    -0.037843    -0.063230    -0.046068    -0.046872     0.011190     0.008452     0.000433     0.007934     0.002076     0.017428     0.004834     0.011112     0.005441     0.009665    -0.010969     0.006642     0.008971     0.015773     0.032453     0.065753     0.038495     0.014727     0.028749     0.014280     0.119999     0.141673     0.133045     0.142404     0.135528     0.145903     0.117695     0.155375     0.132681     0.132286     0.121613     0.141651     0.134275     0.146149     0.063636     0.137620     0.112241     0.125642     0.102749     0.104438     0.070642     0.099218     0.127372     0.101295     0.100695
   -0.036157    -0.035113    -0.060311    -0.037944    -0.067487    -0.052608    -0.046213     0.033022     0.037578     0.030933     0.033652     0.034029     0.044542     0.030064     0.036842     0.019259     0.024712    -0.003289     0.023721     0.029706     0.035886     0.050681     0.075281     0.061993     0.030078     0.051041     0.037537     0.109588     0.124592     0.124233     0.126538     0.124604     0.130370     0.107956     0.139021     0.123489     0.123331     0.116347     0.128853     0.123848     0.129411     0.075175     0.112241     0.133572     0.116543     0.095373     0.084743     0.065706     0.085607     0.131002     0.096148     0.099840
   -0.018401    -0.013836    -0.040647    -0.016241    -0.040961    -0.022165    -0.026341     0.023910     0.025935     0.011014     0.019316     0.015310     0.028249     0.018192     0.023159     0.013295     0.018194     0.000264     0.018719     0.023812     0.030499     0.048009     0.072645     0.055315     0.027454     0.046835     0.031742     0.138126     0.153340     0.137724     0.151963     0.139159     0.156397     0.134524     0.171488     0.138045     0.146638     0.126288     0.161152     0.150101     0.158251     0.075966     0.125642     0.116543     0.159912     0.104197     0.100054     0.067007     0.085854     0.139225     0.098341     0.117298
   -0.061238    -0.068735    -0.097279    -0.054636    -0.100331    -0.069163    -0.067504     0.037603     0.021778     0.019308     0.011438     0.020443     0.036381     0.010543     0.017954     0.006335     0.015058    -0.018257     0.007739     0.031676     0.025482     0.053458     0.068539     0.048945     0.020300     0.039332     0.033745     0.079360     0.101850     0.096115     0.105264     0.111780     0.117136     0.059254     0.117086     0.110060     0.100169     0.095935     0.106621     0.120409     0.102409     0.066345     0.102749     0.095373     0.104197     0.280336     0.310030     0.211860     0.271290     0.381363     0.073432     0.080051
   -0.061395    -0.082556    -0.107538    -0.060099    -0.110229    -0.079822    -0.073467     0.041146     0.008663     0.012304    -0.003522     0.014292     0.029416    -0.000523     0.016220    -0.001050     0.008853    -0.027303    -0.001609     0.026258     0.023326     0.048524     0.062492     0.056065     0.017444     0.033788     0.036099     0.075369     0.087682     0.071378     0.095489     0.111585     0.114293     0.051134     0.100005     0.100756     0.096513     0.084521     0.089088     0.107147     0.088713     0.057352     0.104438     0.084743     0.100054     0.310030     0.477628     0.238109     0.313301     0.429976     0.059030     0.090040
   -0.050463    -0.056192    -0.079914    -0.045002    -0.074835    -0.061233    -0.055920     0.038570     0.018993     0.023102     0.016258     0.024969     0.030487     0.018529     0.023998     0.009592     0.021168    -0.008930     0.014665     0.026045     0.024278     0.046272     0.052876     0.037594     0.015996     0.035061     0.030138     0.046608     0.059286     0.065110     0.068825     0.081512     0.076660     0.035832     0.074170     0.079591     0.065638     0.067866     0.062035     0.081482     0.060115     0.047858     0.070642     0.065706     0.067007     0.211860     0.238109     0.199855     0.229331     0.292899     0.069346     0.072173
   -0.065611    -0.084701    -0.106096    -0.059677    -0.129298    -0.108750    -0.082347     0.038647     0.011665     0.020559    -0.000085     0.008225     0.029607     0.011709     0.014707     0.008518     0.021628    -0.015803     0.000623     0.025631     0.025950     0.055140     0.068950     0.051828     0.013694     0.034579     0.033924     0.059564     0.097171     0.088920     0.098297     0.111890     0.110157     0.048223     0.105076     0.116658     0.091501     0.100231     0.083372     0.102178     0.095078     0.060227     0.099218     0.085607     0.085854     0.271290     0.313301     0.229331     0.403012     0.382438     0.106738     0.105259
   -0.082513    -0.077848    -0.114032    -0.069423    -0.112226    -0.050037    -0.087845     0.065046     0.045635     0.046076     0.026618     0.043504     0.065348     0.029257     0.028634     0.024155     0.039395    -0.010697     0.026337     0.065550     0.045672     0.089172     0.096258     0.082140     0.040961     0.071550     0.068098     0.100895     0.111967     0.132748     0.130683     0.135807     0.153014     0.066056     0.141305     0.139386     0.132113     0.111901     0.132054     0.174446     0.116530     0.111164     0.127372     0.131002     0.139225     0.381363     0.429976     0.292899     0.382438     0.750692     0.115236     0.144070
   -0.003991     0.005744    -0.026662    -0.004406    -0.008257    -0.003895    -0.008996     0.037766     0.025754     0.038765     0.034354     0.033318     0.026975     0.030547     0.051579     0.025467     0.033331     0.024268     0.033390     0.037317     0.037827     0.044699     0.070147     0.051608     0.033736     0.049614     0.036957     0.121908     0.118307     0.096641     0.127230     0.117494     0.133002     0.102510     0.127666     0.118795     0.128543     0.093207     0.140812     0.115047     0.110623     0.058971     0.101295     0.096148     0.098341     0.073432     0.059030     0.069346     0.106738     0.115236     0.361451     0.289043
    0.020875     0.033796    -0.009713     0.012745    -0.019110     0.005197     0.008176     0.040357     0.041190     0.031405     0.032101     0.043267     0.042748     0.044409     0.054141     0.027801     0.028339     0.024701     0.033764     0.046651     0.047319     0.065283     0.075690     0.067070     0.048311     0.069257     0.054365     0.140902     0.131654     0.103427     0.132601     0.118248     0.141135     0.099492     0.137060     0.116413     0.139402     0.104689     0.146677     0.119097     0.126689     0.080670     0.100695     0.099840     0.117298     0.080051     0.090040     0.072173     0.105259     0.144070     0.289043     0.456967
