    0.175485     0.184499     0.166347     0.172051     0.166539     0.171297     0.174339    -0.024228    -0.037171    -0.030999    -0.035226    -0.039066    -0.047670    -0.030138    -0.039017     0.012190    -0.022784     0.034370     0.000113    -0.012531    -0.009618    -0.018865    -0.033986    -0.027211    -0.008942    -0.021240    -0.006369    -0.006796    -0.039423    -0.047381    -0.032940    -0.036493    -0.028826    -0.022923    -0.040998    -0.025965    -0.034890    -0.036185    -0.009907    -0.024709    -0.043323    -0.026774    -0.041008    -0.036851    -0.021667    -0.066745    -0.064540    -0.052626    -0.071423    -0.085370    -0.005108     0.017525
    0.184499     0.244874     0.203359     0.203989     0.214275     0.233587     0.208993    -0.037851    -0.048124    -0.042834    -0.049254    -0.051978    -0.064048    -0.044072    -0.058847     0.003161    -0.035727     0.032614    -0.009218    -0.026420    -0.025866    -0.029164    -0.044382    -0.042434    -0.021037    -0.034673    -0.021290     0.000339    -0.032896    -0.045062    -0.029504    -0.037558    -0.026825    -0.014983    -0.037405    -0.023433    -0.035308    -0.035099    -0.004210    -0.017124    -0.043313    -0.031969    -0.040930    -0.036065    -0.017788    -0.073464    -0.085836    -0.056343    -0.086432    -0.083241     0.006952     0.032960
    0.166347     0.203359     0.241783     0.173369     0.239182     0.243225     0.187108    -0.052522    -0.060238    -0.052219    -0.058907    -0.057007    -0.073579    -0.061117    -0.065388    -0.013931    -0.051125     0.020182    -0.023903    -0.037122    -0.038552    -0.043781    -0.064039    -0.058271    -0.030279    -0.045975    -0.033075    -0.031952    -0.064826    -0.073212    -0.058261    -0.067605    -0.061401    -0.047092    -0.076433    -0.057611    -0.068258    -0.065712    -0.048024    -0.050269    -0.068708    -0.049581    -0.064911    -0.062275    -0.045202    -0.098492    -0.107379    -0.078790    -0.106828    -0.113063    -0.026094    -0.011543
    0.172051     0.203989     0.173369     0.205597     0.174180     0.189342     0.194535    -0.026658    -0.036813    -0.036351    -0.039275    -0.042996    -0.051816    -0.036651    -0.045098     0.010814    -0.026301     0.038842    -0.003481    -0.012621    -0.013359    -0.020367    -0.037454    -0.026229    -0.009713    -0.025308    -0.009855    -0.006351    -0.034281    -0.046719    -0.031423    -0.037471    -0.029068    -0.029254    -0.040006    -0.023189    -0.037150    -0.037520    -0.006772    -0.020344    -0.043945    -0.026501    -0.040818    -0.039285    -0.020803    -0.061721    -0.065704    -0.048608    -0.066694    -0.076401    -0.006412     0.011154
    0.166539     0.214275     0.239182     0.174180     0.360475     0.312346     0.194464    -0.059857    -0.074633    -0.063726    -0.072151    -0.066117    -0.092536    -0.081272    -0.086111    -0.029507    -0.066980     0.008028    -0.036181    -0.053876    -0.056446    -0.059702    -0.080433    -0.078386    -0.045031    -0.062375    -0.050068    -0.035523    -0.073769    -0.083128    -0.061623    -0.075458    -0.062039    -0.032885    -0.075621    -0.061801    -0.067408    -0.080072    -0.054099    -0.050375    -0.079945    -0.062305    -0.068771    -0.071835    -0.048802    -0.105661    -0.115254    -0.077910    -0.136338    -0.118084    -0.011773    -0.028698
    0.171297     0.233587     0.243225     0.189342     0.312346     0.458084     0.200931    -0.044949    -0.059372    -0.052150    -0.062752    -0.057864    -0.076403    -0.065568    -0.074826    -0.012129    -0.051362     0.028321    -0.025589    -0.037289    -0.039122    -0.048021    -0.061909    -0.053444    -0.033582    -0.053900    -0.031990    -0.006817    -0.051545    -0.068189    -0.043238    -0.056345    -0.043533    -0.031072    -0.056787    -0.049789    -0.053339    -0.060608    -0.032458    -0.025628    -0.062842    -0.049457    -0.050316    -0.053759    -0.026633    -0.072619    -0.077569    -0.060292    -0.109427    -0.048276    -0.004232    -0.004004
    0.174339     0.208993     0.187108     0.194535     0.194464     0.200931     0.209649    -0.038177    -0.049881    -0.046188    -0.048659    -0.052276    -0.063920    -0.047691    -0.056222     0.002242    -0.036125     0.033708    -0.008876    -0.023467    -0.023992    -0.032736    -0.049870    -0.040112    -0.018082    -0.037447    -0.021508    -0.015310    -0.047463    -0.058736    -0.042799    -0.052332    -0.041263    -0.036259    -0.053324    -0.037421    -0.048746    -0.048446    -0.019881    -0.031923    -0.056892    -0.037103    -0.051423    -0.048597    -0.031114    -0.073348    -0.077282    -0.058526    -0.086805    -0.092816    -0.013209     0.002953
   -0.024228    -0.037851    -0.052522    -0.026658    -0.059857    -0.044949    -0.038177     0.118044     0.120031     0.113977     0.112488     0.115874     0.112001     0.122109     0.116009     0.084237     0.100950     0.063235     0.087645     0.091397     0.088520     0.084556     0.064962     0.096771     0.080792     0.090227     0.088573     0.018809     0.014244     0.021788     0.017961     0.030278     0.024922     0.009942     0.021885     0.030227     0.024274     0.029883     0.021068     0.031593     0.016374     0.060635     0.013613     0.037574     0.024078     0.041712     0.043405     0.043165     0.038798     0.072138     0.038480     0.038285
   -0.037171    -0.048124    -0.060238    -0.036813    -0.074633    -0.059372    -0.049881     0.120031     0.161170     0.137565     0.139257     0.144162     0.139098     0.148989     0.140213     0.095415     0.115291     0.075419     0.099585     0.103255     0.095938     0.091835     0.070251     0.106932     0.092154     0.101990     0.096088     0.020802     0.018309     0.025485     0.014397     0.027190     0.016673     0.000407     0.017949     0.021850     0.018250     0.029028     0.018631     0.029964     0.018087     0.070280     0.009487     0.041399     0.026371     0.025329     0.009244     0.022469     0.010469     0.048800     0.028015     0.040358
   -0.030999    -0.042834    -0.052219    -0.036351    -0.063726    -0.052150    -0.046188     0.113977     0.137565     0.146068     0.130594     0.134873     0.127158     0.142717     0.132627     0.091412     0.111746     0.069907     0.097141     0.095128     0.091505     0.082493     0.066052     0.093592     0.081917     0.093751     0.088585     0.009515     0.003043     0.014193     0.004316     0.019392     0.006321     0.000133     0.006769     0.014933     0.009959     0.021286     0.004835     0.015829     0.002391     0.059091     0.002501     0.035535     0.011730     0.021369     0.012401     0.026186     0.016908     0.050119     0.040790     0.030471
   -0.035226    -0.049254    -0.058907    -0.039275    -0.072151    -0.062752    -0.048659     0.112488     0.139257     0.130594     0.139228     0.135783     0.129645     0.141321     0.133552     0.088495     0.109850     0.070116     0.095808     0.094330     0.090458     0.083693     0.066694     0.096558     0.083351     0.094861     0.086714     0.016924     0.012987     0.024846     0.012390     0.026536     0.014970     0.004161     0.015018     0.019714     0.017236     0.026894     0.014143     0.024494     0.014472     0.063731     0.008949     0.038261     0.020899     0.016550    -0.000345     0.020880     0.000076     0.033467     0.033576     0.031408
   -0.039066    -0.051978    -0.057007    -0.042996    -0.066117    -0.057864    -0.052276     0.115874     0.144162     0.134873     0.135783     0.158618     0.135399     0.139682     0.140167     0.086531     0.109699     0.068278     0.096033     0.100746     0.095927     0.088339     0.066583     0.104234     0.086527     0.104195     0.092840     0.011030     0.004455     0.016115     0.003550     0.020085     0.006586     0.000778     0.000814     0.010946     0.012707     0.019270     0.002779     0.017404     0.006785     0.065015     0.002576     0.038653     0.017022     0.027504     0.020297     0.031225     0.008717     0.051968     0.034939     0.042658
   -0.047670    -0.064048    -0.073579    -0.051816    -0.092536    -0.076403    -0.063920     0.112001     0.139098     0.127158     0.129645     0.135399     0.144939     0.135015     0.133159     0.083565     0.105466     0.059701     0.087821     0.098812     0.092741     0.089327     0.074659     0.109866     0.086880     0.099900     0.093150     0.021813     0.025302     0.034415     0.021892     0.035776     0.025969     0.011012     0.024768     0.029519     0.028723     0.035119     0.024345     0.032382     0.028680     0.070896     0.018534     0.049196     0.029456     0.039115     0.030885     0.034293     0.027689     0.069110     0.027357     0.042480
   -0.030138    -0.044072    -0.061117    -0.036651    -0.081272    -0.065568    -0.047691     0.122109     0.148989     0.142717     0.141321     0.139682     0.135015     0.170540     0.140836     0.101627     0.123204     0.081785     0.106834     0.101067     0.098947     0.091352     0.073805     0.100205     0.089998     0.099164     0.095775     0.018444     0.011685     0.025307     0.011710     0.028595     0.017200     0.006047     0.021116     0.023516     0.016869     0.032275     0.014481     0.022957     0.012550     0.064973     0.007349     0.035630     0.020690     0.014709    -0.000148     0.022613     0.012697     0.035774     0.032847     0.046328
   -0.039017    -0.058847    -0.065388    -0.045098    -0.086111    -0.074826    -0.056222     0.116009     0.140213     0.132627     0.133552     0.140167     0.133159     0.140836     0.162803     0.091231     0.114961     0.068417     0.097537     0.104758     0.100077     0.090463     0.074560     0.113120     0.091014     0.106501     0.097277     0.019627     0.015592     0.022955     0.015704     0.030257     0.019355     0.009466     0.016661     0.021621     0.023307     0.029988     0.018978     0.025114     0.019676     0.067434     0.011455     0.041653     0.025101     0.022043     0.021255     0.027235     0.015907     0.032856     0.049366     0.051774
    0.012190     0.003161    -0.013931     0.010814    -0.029507    -0.012129     0.002242     0.084237     0.095415     0.091412     0.088495     0.086531     0.083565     0.101627     0.091231     0.095820     0.089827     0.069237     0.083767     0.074635     0.073831     0.060929     0.048419     0.074482     0.068142     0.067232     0.070684     0.011694     0.003303     0.009985     0.006720     0.014595     0.010481    -0.002840     0.009257     0.017560     0.005408     0.019013     0.016296     0.018838     0.002402     0.044748     0.004931     0.022050     0.012415     0.007218     0.000272     0.012192     0.006529     0.025620     0.026736     0.025724
   -0.022784    -0.035727    -0.051125    -0.026301    -0.066980    -0.051362    -0.036125     0.100950     0.115291     0.111746     0.109850     0.109699     0.105466     0.123204     0.114961     0.089827     0.114913     0.068760     0.091432     0.088078     0.087233     0.076773     0.061658     0.088926     0.077995     0.084587     0.080414     0.014437     0.012284     0.021559     0.013277     0.024645     0.017657     0.012729     0.017903     0.021287     0.015412     0.027193     0.017759     0.025804     0.012966     0.054914     0.010320     0.028938     0.018712     0.017824     0.009822     0.024584     0.019984     0.042669     0.034765     0.027190
    0.034370     0.032614     0.020182     0.038842     0.008028     0.028321     0.033708     0.063235     0.075419     0.069907     0.070116     0.068278     0.059701     0.081785     0.068417     0.069237     0.068760     0.084673     0.065874     0.056984     0.051483     0.041193     0.028226     0.049349     0.051392     0.047019     0.050557     0.004312    -0.011646    -0.007088    -0.008490    -0.004288    -0.008031    -0.019868    -0.010949    -0.000720    -0.013915    -0.001049    -0.000676     0.005211    -0.012931     0.027170    -0.012224    -0.002495    -0.001607    -0.017811    -0.028573    -0.007376    -0.019688    -0.010587     0.023200     0.022873
    0.000113    -0.009218    -0.023903    -0.003481    -0.036181    -0.025589    -0.008876     0.087645     0.099585     0.097141     0.095808     0.096033     0.087821     0.106834     0.097537     0.083767     0.091432     0.065874     0.093408     0.077038     0.075935     0.067300     0.050036     0.075367     0.069011     0.076102     0.071774     0.017742     0.005840     0.016393     0.011232     0.020882     0.013583     0.003627     0.012071     0.018122     0.013809     0.023390     0.016317     0.022871     0.008739     0.049798     0.007405     0.027586     0.019086     0.009022    -0.000196     0.016447    -0.000577     0.028933     0.033437     0.031417
   -0.012531    -0.026420    -0.037122    -0.012621    -0.053876    -0.037289    -0.023467     0.091397     0.103255     0.095128     0.094330     0.100746     0.098812     0.101067     0.104758     0.074635     0.088078     0.056984     0.077038     0.111406     0.093541     0.083977     0.063946     0.104964     0.089542     0.097021     0.096166     0.026378     0.023170     0.023787     0.019220     0.024776     0.028348     0.016828     0.018573     0.028393     0.024103     0.027129     0.030987     0.031819     0.024030     0.064037     0.012108     0.034443     0.024594     0.035365     0.030796     0.030179     0.026665     0.069825     0.039166     0.047579
   -0.009618    -0.025866    -0.038552    -0.013359    -0.056446    -0.039122    -0.023992     0.088520     0.095938     0.091505     0.090458     0.095927     0.092741     0.098947     0.100077     0.073831     0.087233     0.051483     0.075935     0.093541     0.100174     0.079778     0.064722     0.101533     0.082333     0.090953     0.089825     0.028657     0.026662     0.026848     0.023206     0.031668     0.032643     0.030038     0.026630     0.032978     0.030435     0.032238     0.034956     0.030590     0.026984     0.058057     0.015963     0.038385     0.030226     0.027708     0.027162     0.028103     0.025269     0.049068     0.036766     0.045654
   -0.018865    -0.029164    -0.043781    -0.020367    -0.059702    -0.048021    -0.032736     0.084556     0.091835     0.082493     0.083693     0.088339     0.089327     0.091352     0.090463     0.060929     0.076773     0.041193     0.067300     0.083977     0.079778     0.097728     0.065697     0.099944     0.075280     0.091193     0.086593     0.045376     0.045850     0.048489     0.044537     0.054898     0.055974     0.035724     0.049389     0.053752     0.053468     0.049281     0.050565     0.054795     0.050750     0.071952     0.032662     0.054033     0.048318     0.055227     0.050268     0.050689     0.056406     0.090653     0.044831     0.063836
   -0.033986    -0.044382    -0.064039    -0.037454    -0.080433    -0.061909    -0.049870     0.064962     0.070251     0.066052     0.066694     0.066583     0.074659     0.073805     0.074560     0.048419     0.061658     0.028226     0.050036     0.063946     0.064722     0.065697     0.084234     0.082310     0.057619     0.070525     0.064021     0.068996     0.077372     0.077156     0.077110     0.080365     0.084669     0.069538     0.086721     0.079204     0.076278     0.076565     0.086330     0.080288     0.081821     0.066247     0.066824     0.077504     0.072411     0.070150     0.063500     0.056460     0.067224     0.099296     0.070852     0.077495
   -0.027211    -0.042434    -0.058271    -0.026229    -0.078386    -0.053444    -0.040112     0.096771     0.106932     0.093592     0.096558     0.104234     0.109866     0.100205     0.113120     0.074482     0.088926     0.049349     0.075367     0.104964     0.101533     0.099944     0.082310     0.171512     0.093292     0.108295     0.104614     0.056326     0.058365     0.055864     0.053964     0.061737     0.065760     0.052693     0.058418     0.064899     0.061870     0.056893     0.070482     0.063254     0.061807     0.088350     0.043253     0.068401     0.058980     0.052778     0.061062     0.042727     0.051935     0.084379     0.055034     0.067695
   -0.008942    -0.021037    -0.030279    -0.009713    -0.045031    -0.033582    -0.018082     0.080792     0.092154     0.081917     0.083351     0.086527     0.086880     0.089998     0.091014     0.068142     0.077995     0.051392     0.069011     0.089542     0.082333     0.075280     0.057619     0.093292     0.088753     0.083097     0.085351     0.030800     0.027440     0.026238     0.023791     0.027549     0.032571     0.019918     0.023305     0.031348     0.027652     0.029514     0.033611     0.030572     0.027667     0.058664     0.015951     0.033928     0.027211     0.023464     0.021120     0.020623     0.013648     0.043578     0.033590     0.047752
   -0.021240    -0.034673    -0.045975    -0.025308    -0.062375    -0.053900    -0.037447     0.090227     0.101990     0.093751     0.094861     0.104195     0.099900     0.099164     0.106501     0.067232     0.084587     0.047019     0.076102     0.097021     0.090953     0.091193     0.070525     0.108295     0.083097     0.113449     0.095318     0.044882     0.043755     0.045453     0.041212     0.049369     0.049482     0.041235     0.044061     0.048579     0.052289     0.048778     0.048798     0.052691     0.050468     0.074018     0.031548     0.056761     0.048578     0.044890     0.040080     0.041006     0.034889     0.075955     0.050671     0.070178
   -0.006369    -0.021290    -0.033075    -0.009855    -0.050068    -0.031990    -0.021508     0.088573     0.096088     0.088585     0.086714     0.092840     0.093150     0.095775     0.097277     0.070684     0.080414     0.050557     0.071774     0.096166     0.089825     0.086593     0.064021     0.104614     0.085351     0.095318     0.105442     0.031650     0.027380     0.027194     0.025462     0.032887     0.037156     0.024170     0.028379     0.038285     0.036256     0.033804     0.036576     0.035693     0.029588     0.064531     0.016603     0.042440     0.032188     0.036792     0.038454     0.034827     0.034853     0.070769     0.039021     0.054424
   -0.006796     0.000339    -0.031952    -0.006351    -0.035523    -0.006817    -0.015310     0.018809     0.020802     0.009515     0.016924     0.011030     0.021813     0.018444     0.019627     0.011694     0.014437     0.004312     0.017742     0.026378     0.028657     0.045376     0.068996     0.056326     0.030800     0.044882     0.031650     0.169266     0.158188     0.131434     0.150207     0.135773     0.154859     0.139253     0.165023     0.135241     0.143759     0.120340     0.170736     0.140500     0.158548     0.070945     0.121772     0.109661     0.138640     0.077056     0.072267     0.046282     0.055136     0.095765     0.122914     0.146607
   -0.039423    -0.032896    -0.064826    -0.034281    -0.073769    -0.051545    -0.047463     0.014244     0.018309     0.003043     0.012987     0.004455     0.025302     0.011685     0.015592     0.003303     0.012284    -0.011646     0.005840     0.023170     0.026662     0.045850     0.077372     0.058365     0.027440     0.043755     0.027380     0.158188     0.202529     0.153479     0.172276     0.154894     0.175931     0.155504     0.196322     0.157141     0.161332     0.140288     0.189993     0.154997     0.188973     0.076367     0.143561     0.125941     0.154945     0.100298     0.086156     0.060173     0.094694     0.110307     0.123499     0.139524
   -0.047381    -0.045062    -0.073212    -0.046719    -0.083128    -0.068189    -0.058736     0.021788     0.025485     0.014193     0.024846     0.016115     0.034415     0.025307     0.022955     0.009985     0.021559    -0.007088     0.016393     0.023787     0.026848     0.048489     0.077156     0.055864     0.026238     0.045453     0.027194     0.131434     0.153479     0.165104     0.152198     0.145704     0.156885     0.132342     0.166916     0.143336     0.143793     0.135852     0.153940     0.145362     0.163446     0.081134     0.131772     0.123987     0.137301     0.091279     0.067733     0.064986     0.084718     0.126312     0.097625     0.108622
   -0.032940    -0.029504    -0.058261    -0.031423    -0.061623    -0.043238    -0.042799     0.017961     0.014397     0.004316     0.012390     0.003550     0.021892     0.011710     0.015704     0.006720     0.013277    -0.008490     0.011232     0.019220     0.023206     0.044537     0.077110     0.053964     0.023791     0.041212     0.025462     0.150207     0.172276     0.152198     0.174756     0.155449     0.174448     0.145382     0.188795     0.155297     0.158501     0.140048     0.179501     0.159200     0.178721     0.077160     0.141662     0.125846     0.150967     0.103529     0.093091     0.069592     0.095888     0.128330     0.128218     0.137409
   -0.036493    -0.037558    -0.067605    -0.037471    -0.075458    -0.056345    -0.052332     0.030278     0.027190     0.019392     0.026536     0.020085     0.035776     0.028595     0.030257     0.014595     0.024645    -0.004288     0.020882     0.024776     0.031668     0.054898     0.080365     0.061737     0.027549     0.049369     0.032887     0.135773     0.154894     0.145704     0.155449     0.166780     0.162105     0.132301     0.172529     0.147549     0.151207     0.134321     0.161475     0.147033     0.162915     0.079734     0.135279     0.125544     0.139907     0.111794     0.108363     0.084372     0.110176     0.134121     0.118861     0.122863
   -0.028826    -0.026825    -0.061401    -0.029068    -0.062039    -0.043533    -0.041263     0.024922     0.016673     0.006321     0.014970     0.006586     0.025969     0.017200     0.019355     0.010481     0.017657    -0.008031     0.013583     0.028348     0.032643     0.055974     0.084669     0.065760     0.032571     0.049482     0.037156     0.154859     0.175931     0.156885     0.174448     0.162105     0.195520     0.155469     0.194681     0.163637     0.167610     0.145688     0.187830     0.166011     0.184447     0.084399     0.145836     0.130715     0.156566     0.114869     0.111452     0.078425     0.107325     0.151530     0.133347     0.145511
   -0.022923    -0.014983    -0.047092    -0.029254    -0.032885    -0.031072    -0.036259     0.009942     0.000407     0.000133     0.004161     0.000778     0.011012     0.006047     0.009466    -0.002840     0.012729    -0.019868     0.003627     0.016828     0.030038     0.035724     0.069538     0.052693     0.019918     0.041235     0.024170     0.139253     0.155504     0.132342     0.145382     0.132301     0.155469     0.208643     0.173906     0.131690     0.152496     0.117583     0.167996     0.128504     0.157652     0.052784     0.118889     0.109981     0.133503     0.058116     0.045513     0.038434     0.049717     0.068625     0.108727     0.107997
   -0.040998    -0.037405    -0.076433    -0.040006    -0.075621    -0.056787    -0.053324     0.021885     0.017949     0.006769     0.015018     0.000814     0.024768     0.021116     0.016661     0.009257     0.017903    -0.010949     0.012071     0.018573     0.026630     0.049389     0.086721     0.058418     0.023305     0.044061     0.028379     0.165023     0.196322     0.166916     0.188795     0.172529     0.194681     0.173906     0.241617     0.174284     0.179413     0.153083     0.211533     0.174931     0.199804     0.080935     0.154188     0.137226     0.169865     0.112207     0.093084     0.072594     0.100038     0.134230     0.127486     0.140141
   -0.025965    -0.023433    -0.057611    -0.023189    -0.061801    -0.049789    -0.037421     0.030227     0.021850     0.014933     0.019714     0.010946     0.029519     0.023516     0.021621     0.017560     0.021287    -0.000720     0.018122     0.028393     0.032978     0.053752     0.079204     0.064899     0.031348     0.048579     0.038285     0.135241     0.157141     0.143336     0.155297     0.147549     0.163637     0.131690     0.174284     0.166786     0.148816     0.133868     0.163704     0.147826     0.160765     0.078728     0.133877     0.125229     0.138682     0.109217     0.097999     0.083085     0.115658     0.139548     0.123742     0.122742
   -0.034890    -0.035308    -0.068258    -0.037150    -0.067408    -0.053339    -0.048746     0.024274     0.018250     0.009959     0.017236     0.012707     0.028723     0.016869     0.023307     0.005408     0.015412    -0.013915     0.013809     0.024103     0.030435     0.053468     0.076278     0.061870     0.027652     0.052289     0.036256     0.143759     0.161332     0.143793     0.158501     0.151207     0.167610     0.152496     0.179413     0.148816     0.182661     0.130909     0.169977     0.147611     0.168360     0.074886     0.132055     0.125085     0.148369     0.099256     0.097373     0.069475     0.093643     0.134376     0.131519     0.144166
   -0.036185    -0.035099    -0.065712    -0.037520    -0.080072    -0.060608    -0.048446     0.029883     0.029028     0.021286     0.026894     0.019270     0.035119     0.032275     0.029988     0.019013     0.027193    -0.001049     0.023390     0.027129     0.032238     0.049281     0.076565     0.056893     0.029514     0.048778     0.033804     0.120340     0.140288     0.135852     0.140048     0.134321     0.145688     0.117583     0.153083     0.133868     0.130909     0.144462     0.141736     0.134749     0.151156     0.075878     0.122393     0.116290     0.128091     0.095195     0.081401     0.069789     0.097526     0.108368     0.094643     0.110160
   -0.009907    -0.004210    -0.048024    -0.006772    -0.054099    -0.032458    -0.019881     0.021068     0.018631     0.004835     0.014143     0.002779     0.024345     0.014481     0.018978     0.016296     0.017759    -0.000676     0.016317     0.030987     0.034956     0.050565     0.086330     0.070482     0.033611     0.048798     0.036576     0.170736     0.189993     0.153940     0.179501     0.161475     0.187830     0.167996     0.211533     0.163704     0.169977     0.141736     0.232959     0.169583     0.188134     0.081532     0.143898     0.131266     0.162919     0.104242     0.085565     0.065546     0.083544     0.131423     0.146585     0.157003
   -0.024709    -0.017124    -0.050269    -0.020344    -0.050375    -0.025628    -0.031923     0.031593     0.029964     0.015829     0.024494     0.017404     0.032382     0.022957     0.025114     0.018838     0.025804     0.005211     0.022871     0.031819     0.030590     0.054795     0.080288     0.063254     0.030572     0.052691     0.035693     0.140500     0.154997     0.145362     0.159200     0.147033     0.166011     0.128504     0.174931     0.147826     0.147611     0.134749     0.169583     0.181528     0.165749     0.084048     0.132997     0.123464     0.149294     0.119394     0.106619     0.082796     0.100361     0.172412     0.119693     0.124482
   -0.043323    -0.043313    -0.068708    -0.043945    -0.079945    -0.062842    -0.056892     0.016374     0.018087     0.002391     0.014472     0.006785     0.028680     0.012550     0.019676     0.002402     0.012966    -0.012931     0.008739     0.024030     0.026984     0.050750     0.081821     0.061807     0.027667     0.050468     0.029588     0.158548     0.188973     0.163446     0.178721     0.162915     0.184447     0.157652     0.199804     0.160765     0.168360     0.151156     0.188134     0.165749     0.209153     0.084236     0.149992     0.132658     0.162192     0.103891     0.091618     0.064524     0.097201     0.119536     0.117307     0.140525
   -0.026774    -0.031969    -0.049581    -0.026501    -0.062305    -0.049457    -0.037103     0.060635     0.070280     0.059091     0.063731     0.065015     0.070896     0.064973     0.067434     0.044748     0.054914     0.027170     0.049798     0.064037     0.058057     0.071952     0.066247     0.088350     0.058664     0.074018     0.064531     0.070945     0.076367     0.081134     0.077160     0.079734     0.084399     0.052784     0.080935     0.078728     0.074886     0.075878     0.081532     0.084048     0.084236     0.092427     0.065306     0.077929     0.074369     0.066835     0.057896     0.049847     0.055396     0.107055     0.058567     0.081858
   -0.041008    -0.040930    -0.064911    -0.040818    -0.068771    -0.050316    -0.051423     0.013613     0.009487     0.002501     0.008949     0.002576     0.018534     0.007349     0.011455     0.004931     0.010320    -0.012224     0.007405     0.012108     0.015963     0.032662     0.066824     0.043253     0.015951     0.031548     0.016603     0.121772     0.143561     0.131772     0.141662     0.135279     0.145836     0.118889     0.154188     0.133877     0.132055     0.122393     0.143898     0.132997     0.149992     0.065306     0.140404     0.111879     0.125074     0.103285     0.104933     0.072236     0.096860     0.126804     0.105446     0.107289
   -0.036851    -0.036065    -0.062275    -0.039285    -0.071835    -0.053759    -0.048597     0.037574     0.041399     0.035535     0.038261     0.038653     0.049196     0.035630     0.041653     0.022050     0.028938    -0.002495     0.027586     0.034443     0.038385     0.054033     0.077504     0.068401     0.033928     0.056761     0.042440     0.109661     0.125941     0.123987     0.125846     0.125544     0.130715     0.109981     0.137226     0.125229     0.125085     0.116290     0.131266     0.123464     0.132658     0.077929     0.111879     0.135944     0.116734     0.096166     0.083353     0.069793     0.083330     0.131859     0.099080     0.102718
   -0.021667    -0.017788    -0.045202    -0.020803    -0.048802    -0.026633    -0.031114     0.024078     0.026371     0.011730     0.020899     0.017022     0.029456     0.020690     0.025101     0.012415     0.018712    -0.001607     0.019086     0.024594     0.030226     0.048318     0.072411     0.058980     0.027211     0.048578     0.032188     0.138640     0.154945     0.137301     0.150967     0.139907     0.156566     0.133503     0.169865     0.138682     0.148369     0.128091     0.162919     0.149294     0.162192     0.074369     0.125074     0.116734     0.164434     0.103168     0.099685     0.069245     0.084007     0.137177     0.097402     0.119772
   -0.066745    -0.073464    -0.098492    -0.061721    -0.105661    -0.072619    -0.073348     0.041712     0.025329     0.021369     0.016550     0.027504     0.039115     0.014709     0.022043     0.007218     0.017824    -0.017811     0.009022     0.035365     0.027708     0.055227     0.070150     0.052778     0.023464     0.044890     0.036792     0.077056     0.100298     0.091279     0.103529     0.111794     0.114869     0.058116     0.112207     0.109217     0.099256     0.095195     0.104242     0.119394     0.103891     0.066835     0.103285     0.096166     0.103168     0.286474     0.311786     0.216245     0.270554     0.379685     0.073148     0.083150
   -0.064540    -0.085836    -0.107379    -0.065704    -0.115254    -0.077569    -0.077282     0.043405     0.009244     0.012401    -0.000345     0.020297     0.030885    -0.000148     0.021255     0.000272     0.009822    -0.028573    -0.000196     0.030796     0.027162     0.050268     0.063500     0.061062     0.021120     0.040080     0.038454     0.072267     0.086156     0.067733     0.093091     0.108363     0.111452     0.045513     0.093084     0.097999     0.097373     0.081401     0.085565     0.106619     0.091618     0.057896     0.104933     0.083353     0.099685     0.311786     0.482615     0.243053     0.313788     0.428684     0.056078     0.092006
   -0.052626    -0.056343    -0.078790    -0.048608    -0.077910    -0.060292    -0.058526     0.043165     0.022469     0.026186     0.020880     0.031225     0.034293     0.022613     0.027235     0.012192     0.024584    -0.007376     0.016447     0.030179     0.028103     0.050689     0.056460     0.042727     0.020623     0.041006     0.034827     0.046282     0.060173     0.064986     0.069592     0.084372     0.078425     0.038434     0.072594     0.083085     0.069475     0.069789     0.065546     0.082796     0.064524     0.049847     0.072236     0.069793     0.069245     0.216245     0.243053     0.207213     0.235482     0.294963     0.073821     0.078594
   -0.071423    -0.086432    -0.106828    -0.066694    -0.136338    -0.109427    -0.086805     0.038798     0.010469     0.016908     0.000076     0.008717     0.027689     0.012697     0.015907     0.006529     0.019984    -0.019688    -0.000577     0.026665     0.025269     0.056406     0.067224     0.051935     0.013648     0.034889     0.034853     0.055136     0.094694     0.084718     0.095888     0.110176     0.107325     0.049717     0.100038     0.115658     0.093643     0.097526     0.083544     0.100361     0.097201     0.055396     0.096860     0.083330     0.084007     0.270554     0.313788     0.235482     0.408512     0.378316     0.108185     0.109263
   -0.085370    -0.083241    -0.113063    -0.076401    -0.118084    -0.048276    -0.092816     0.072138     0.048800     0.050119     0.033467     0.051968     0.069110     0.035774     0.032856     0.025620     0.042669    -0.010587     0.028933     0.069825     0.049068     0.090653     0.099296     0.084379     0.043578     0.075955     0.070769     0.095765     0.110307     0.126312     0.128330     0.134121     0.151530     0.068625     0.134230     0.139548     0.134376     0.108368     0.131423     0.172412     0.119536     0.107055     0.126804     0.131859     0.137177     0.379685     0.428684     0.294963     0.378316     0.747524     0.116256     0.144166
   -0.005108     0.006952    -0.026094    -0.006412    -0.011773    -0.004232    -0.013209     0.038480     0.028015     0.040790     0.033576     0.034939     0.027357     0.032847     0.049366     0.026736     0.034765     0.023200     0.033437     0.039166     0.036766     0.044831     0.070852     0.055034     0.033590     0.050671     0.039021     0.122914     0.123499     0.097625     0.128218     0.118861     0.133347     0.108727     0.127486     0.123742     0.131519     0.094643     0.146585     0.119693     0.117307     0.058567     0.105446     0.099080     0.097402     0.073148     0.056078     0.073821     0.108185     0.116256     0.382476     0.301838
    0.017525     0.032960    -0.011543     0.011154    -0.028698    -0.004004     0.002953     0.038285     0.040358     0.030471     0.031408     0.042658     0.042480     0.046328     0.051774     0.025724     0.027190     0.022873     0.031417     0.047579     0.045654     0.063836     0.077495     0.067695     0.047752     0.070178     0.054424     0.146607     0.139524     0.108622     0.137409     0.122863     0.145511     0.107997     0.140141     0.122742     0.144166     0.110160     0.157003     0.124482     0.140525     0.081858     0.107289     0.102718     0.119772     0.083150     0.092006     0.078594     0.109263     0.144166     0.301838     0.469666
