    0.175773     0.186827     0.168851     0.173653     0.168001     0.177849     0.176018    -0.017644    -0.028588    -0.023032    -0.028131    -0.032927    -0.039646    -0.021671    -0.031470     0.018417    -0.015325     0.041791     0.006335    -0.006274    -0.000053    -0.009010    -0.028198    -0.017826    -0.000397    -0.012315    -0.000632    -0.004331    -0.034169    -0.044692    -0.028361    -0.031982    -0.024387    -0.020221    -0.035886    -0.026001    -0.034771    -0.028476    -0.012501    -0.019483    -0.039478    -0.022735    -0.037696    -0.036488    -0.016832    -0.064813    -0.061540    -0.051008    -0.068619    -0.080300    -0.006992     0.016580
    0.186827     0.242185     0.207902     0.205410     0.215070     0.239022     0.211138    -0.033904    -0.042254    -0.039899    -0.043653    -0.049437    -0.058722    -0.039590    -0.053203     0.007364    -0.030536     0.038785    -0.005063    -0.021472    -0.019276    -0.021282    -0.041001    -0.035776    -0.014394    -0.028362    -0.017524     0.003635    -0.028815    -0.043993    -0.024534    -0.032816    -0.022958    -0.014927    -0.034125    -0.024649    -0.031972    -0.031480    -0.006787    -0.011211    -0.039229    -0.029615    -0.036786    -0.034451    -0.011839    -0.071420    -0.083493    -0.057173    -0.083041    -0.076270     0.002547     0.030807
    0.168851     0.207902     0.250545     0.176977     0.245362     0.248607     0.190542    -0.049899    -0.053250    -0.048267    -0.052555    -0.052860    -0.068340    -0.055596    -0.058460    -0.009785    -0.045590     0.024497    -0.019986    -0.033096    -0.033568    -0.036513    -0.060308    -0.053799    -0.026182    -0.042632    -0.031387    -0.028034    -0.059651    -0.073794    -0.055723    -0.066674    -0.059112    -0.046258    -0.071667    -0.059126    -0.066071    -0.062436    -0.052280    -0.046979    -0.067673    -0.047615    -0.065264    -0.060818    -0.041744    -0.101425    -0.108035    -0.081764    -0.107577    -0.109841    -0.029762    -0.014196
    0.173653     0.205410     0.176977     0.206442     0.176284     0.194207     0.195405    -0.020954    -0.029895    -0.030351    -0.032883    -0.039373    -0.044232    -0.029793    -0.038927     0.015533    -0.019758     0.045958     0.001016    -0.008495    -0.006699    -0.012860    -0.033497    -0.019769    -0.002931    -0.017972    -0.005929    -0.005079    -0.030892    -0.045366    -0.027199    -0.033045    -0.025637    -0.025985    -0.033115    -0.023103    -0.034296    -0.034179    -0.008735    -0.016014    -0.041229    -0.023405    -0.038888    -0.037874    -0.015507    -0.056729    -0.061532    -0.046574    -0.062454    -0.065554    -0.008079     0.009487
    0.168001     0.215070     0.245362     0.176284     0.359335     0.311931     0.195805    -0.054442    -0.064677    -0.058348    -0.060739    -0.060269    -0.081537    -0.071277    -0.073077    -0.023474    -0.055929     0.015146    -0.027960    -0.045151    -0.047068    -0.046576    -0.070858    -0.068475    -0.036633    -0.050930    -0.041963    -0.027273    -0.063116    -0.076272    -0.053540    -0.073042    -0.052896    -0.029671    -0.068589    -0.058171    -0.057934    -0.069549    -0.051166    -0.038572    -0.072010    -0.056156    -0.066198    -0.067228    -0.042230    -0.104751    -0.108380    -0.075116    -0.130988    -0.109891    -0.009951    -0.023799
    0.177849     0.239022     0.248607     0.194207     0.311931     0.458519     0.205675    -0.041327    -0.050572    -0.052416    -0.055279    -0.058519    -0.070829    -0.059830    -0.064929    -0.008769    -0.045666     0.034610    -0.018975    -0.031791    -0.031571    -0.038129    -0.056701    -0.046798    -0.026996    -0.047157    -0.027843    -0.003224    -0.046275    -0.067720    -0.038117    -0.053908    -0.038711    -0.030317    -0.054481    -0.048162    -0.047016    -0.058048    -0.031071    -0.021296    -0.058532    -0.043676    -0.050748    -0.055596    -0.025739    -0.080381    -0.080456    -0.062807    -0.112774    -0.048296    -0.012293    -0.003585
    0.176018     0.211138     0.190542     0.195405     0.195805     0.205675     0.209969    -0.033159    -0.043875    -0.040115    -0.043835    -0.049972    -0.058901    -0.041772    -0.051407     0.007417    -0.029191     0.038485    -0.004091    -0.019611    -0.017738    -0.025282    -0.044781    -0.034984    -0.012528    -0.031347    -0.018641    -0.011082    -0.041763    -0.055425    -0.036252    -0.046003    -0.035374    -0.030780    -0.046100    -0.035531    -0.043561    -0.041740    -0.018606    -0.025848    -0.050971    -0.033863    -0.047556    -0.046056    -0.024746    -0.069442    -0.074602    -0.057249    -0.083898    -0.084078    -0.010795     0.004916
   -0.017644    -0.033904    -0.049899    -0.020954    -0.054442    -0.041327    -0.033159     0.117411     0.124916     0.118604     0.115524     0.120852     0.115105     0.126061     0.115915     0.085620     0.102575     0.065209     0.090173     0.092264     0.091011     0.086888     0.064690     0.095286     0.082079     0.090671     0.089340     0.020645     0.013615     0.026849     0.020129     0.032141     0.027038     0.012934     0.022643     0.028845     0.024939     0.033301     0.018553     0.032256     0.020835     0.063891     0.016558     0.037976     0.025470     0.034947     0.043298     0.040323     0.039246     0.066210     0.039679     0.040828
   -0.028588    -0.042254    -0.053250    -0.029895    -0.064677    -0.050572    -0.043875     0.124916     0.167518     0.143073     0.145749     0.151278     0.143863     0.153445     0.143001     0.099359     0.118313     0.078720     0.104565     0.107412     0.099981     0.097311     0.071275     0.106937     0.095155     0.104492     0.098759     0.022133     0.015103     0.029712     0.015667     0.027516     0.018965     0.004213     0.016131     0.021136     0.020169     0.031688     0.016703     0.030141     0.020644     0.074834     0.013013     0.042211     0.027140     0.019966     0.011084     0.023551     0.011563     0.049443     0.026590     0.038084
   -0.023032    -0.039899    -0.048267    -0.030351    -0.058348    -0.052416    -0.040115     0.118604     0.143073     0.150156     0.135232     0.139852     0.130782     0.148416     0.133778     0.095266     0.114950     0.073117     0.100043     0.098823     0.095988     0.088177     0.069663     0.098528     0.085087     0.096062     0.092547     0.014493     0.003509     0.022148     0.008536     0.023268     0.012580     0.007846     0.010077     0.017033     0.012463     0.027970     0.008127     0.020149     0.008370     0.063159     0.006136     0.038210     0.014975     0.018288     0.016606     0.028513     0.024339     0.054737     0.043138     0.033281
   -0.028131    -0.043653    -0.052555    -0.032883    -0.060739    -0.055279    -0.043835     0.115524     0.145749     0.135232     0.143805     0.142106     0.132670     0.145480     0.135947     0.091410     0.111601     0.072729     0.099029     0.096320     0.093833     0.088059     0.068017     0.096869     0.085244     0.096388     0.087949     0.019094     0.011211     0.029555     0.014774     0.028166     0.017507     0.008476     0.014694     0.019191     0.018504     0.029895     0.013057     0.024617     0.017131     0.067034     0.012896     0.039329     0.022169     0.010733    -0.001235     0.021442     0.001751     0.029721     0.038092     0.032190
   -0.032927    -0.049437    -0.052860    -0.039373    -0.060269    -0.058519    -0.049972     0.120852     0.151278     0.139852     0.142106     0.163283     0.140422     0.145189     0.143005     0.090719     0.113567     0.069864     0.100351     0.104392     0.100880     0.094204     0.068065     0.106791     0.090276     0.106940     0.096349     0.014023     0.006582     0.022376     0.007403     0.022174     0.010923     0.006246     0.005187     0.011601     0.015950     0.024836     0.003566     0.018905     0.012011     0.069288     0.006864     0.041110     0.018555     0.021128     0.021208     0.031443     0.013294     0.050625     0.035784     0.043980
   -0.039646    -0.058722    -0.068340    -0.044232    -0.081537    -0.070829    -0.058901     0.115105     0.143863     0.130782     0.132670     0.140422     0.145971     0.137158     0.133490     0.086173     0.106983     0.061354     0.091074     0.100664     0.095049     0.093096     0.075400     0.109549     0.089235     0.101372     0.094834     0.024470     0.025451     0.039716     0.024868     0.037700     0.030514     0.019717     0.026857     0.029120     0.031545     0.039438     0.024547     0.032856     0.032555     0.074181     0.022897     0.050007     0.031214     0.036167     0.034454     0.034965     0.031284     0.070386     0.031490     0.042622
   -0.021671    -0.039590    -0.055596    -0.029793    -0.071277    -0.059830    -0.041772     0.126061     0.153445     0.148416     0.145480     0.145189     0.137158     0.174231     0.141056     0.104254     0.125019     0.085516     0.109838     0.103532     0.102317     0.095643     0.074024     0.101312     0.092480     0.100738     0.097272     0.020534     0.008069     0.028224     0.012400     0.027577     0.018673     0.010870     0.020647     0.021470     0.016909     0.033656     0.011351     0.021007     0.015150     0.066320     0.010110     0.034940     0.019345     0.008271     0.003114     0.024119     0.013614     0.032724     0.032559     0.043325
   -0.031470    -0.053203    -0.058460    -0.038927    -0.073077    -0.064929    -0.051407     0.115915     0.143001     0.133778     0.135947     0.143005     0.133490     0.141056     0.154763     0.093165     0.114007     0.070127     0.099617     0.104887     0.100548     0.092116     0.073333     0.110962     0.090855     0.105208     0.096605     0.022873     0.017380     0.030256     0.019582     0.031795     0.022987     0.012981     0.019347     0.022505     0.026343     0.033658     0.018775     0.026161     0.023368     0.070006     0.017330     0.043138     0.026180     0.017821     0.019048     0.028292     0.016256     0.038207     0.053089     0.054766
    0.018417     0.007364    -0.009785     0.015533    -0.023474    -0.008769     0.007417     0.085620     0.099359     0.095266     0.091410     0.090719     0.086173     0.104254     0.093165     0.096628     0.091623     0.071709     0.086385     0.075914     0.076256     0.064543     0.048466     0.073920     0.070164     0.068861     0.070486     0.014123     0.002766     0.014740     0.008729     0.015726     0.013009     0.000858     0.010685     0.016469     0.006214     0.021693     0.015307     0.020593     0.006270     0.048144     0.007884     0.022244     0.013762     0.002674    -0.001154     0.011238     0.007819     0.026797     0.025600     0.025404
   -0.015325    -0.030536    -0.045590    -0.019758    -0.055929    -0.045666    -0.029191     0.102575     0.118313     0.114950     0.111601     0.113567     0.106983     0.125019     0.114007     0.091623     0.115183     0.070467     0.093959     0.088875     0.089423     0.079476     0.061348     0.089270     0.079312     0.085395     0.080678     0.017630     0.011438     0.026163     0.015224     0.025109     0.019808     0.016937     0.018097     0.020994     0.016713     0.030009     0.015937     0.026632     0.016279     0.057745     0.013233     0.028919     0.019491     0.013757     0.011641     0.025246     0.023432     0.042843     0.035080     0.027298
    0.041791     0.038785     0.024497     0.045958     0.015146     0.034610     0.038485     0.065209     0.078720     0.073117     0.072729     0.069864     0.061354     0.085516     0.070127     0.071709     0.070467     0.086778     0.068505     0.059022     0.055909     0.045546     0.029839     0.052118     0.054076     0.049549     0.051752     0.009989    -0.011354    -0.003065    -0.004899    -0.002455    -0.003523    -0.015559    -0.008281    -0.000043    -0.009040     0.002480    -0.000352     0.007937    -0.007496     0.030302    -0.008997    -0.000746     0.001178    -0.021499    -0.027460    -0.008886    -0.018105    -0.010119     0.023271     0.022113
    0.006335    -0.005063    -0.019986     0.001016    -0.027960    -0.018975    -0.004091     0.090173     0.104565     0.100043     0.099029     0.100351     0.091074     0.109838     0.099617     0.086385     0.093959     0.068505     0.095857     0.078958     0.078652     0.071308     0.050839     0.075585     0.071534     0.078186     0.073075     0.019890     0.005444     0.020924     0.013621     0.022023     0.016595     0.007824     0.012850     0.017810     0.016516     0.026762     0.014867     0.025550     0.012810     0.052081     0.010245     0.027440     0.020976     0.005409     0.000290     0.017337     0.001411     0.029157     0.034798     0.032185
   -0.006274    -0.021472    -0.033096    -0.008495    -0.045151    -0.031791    -0.019611     0.092264     0.107412     0.098823     0.096320     0.104392     0.100664     0.103532     0.104887     0.075914     0.088875     0.059022     0.078958     0.110831     0.094797     0.086852     0.063055     0.103943     0.091165     0.097661     0.096823     0.026231     0.019095     0.025889     0.019370     0.023626     0.028708     0.018950     0.017282     0.024773     0.024331     0.030333     0.026397     0.032169     0.025648     0.065695     0.011429     0.033506     0.026129     0.029279     0.028226     0.028570     0.026116     0.067469     0.038796     0.044741
   -0.000053    -0.019276    -0.033568    -0.006699    -0.047068    -0.031571    -0.017738     0.091011     0.099981     0.095988     0.093833     0.100880     0.095049     0.102317     0.100548     0.076256     0.089423     0.055909     0.078652     0.094797     0.101571     0.083164     0.064278     0.101128     0.085253     0.092121     0.090978     0.031730     0.025653     0.030776     0.025737     0.032482     0.036100     0.033840     0.027964     0.031943     0.030397     0.036818     0.034221     0.032600     0.029344     0.063176     0.017694     0.038874     0.031514     0.021288     0.023483     0.025973     0.024039     0.046147     0.039575     0.045346
   -0.009010    -0.021282    -0.036513    -0.012860    -0.046576    -0.038129    -0.025282     0.086888     0.097311     0.088177     0.088059     0.094204     0.093096     0.095643     0.092116     0.064543     0.079476     0.045546     0.071308     0.086852     0.083164     0.099860     0.067706     0.100446     0.079138     0.093970     0.088712     0.046425     0.044502     0.052264     0.047619     0.055552     0.059174     0.040210     0.051483     0.052656     0.053583     0.054906     0.049053     0.057429     0.054644     0.075245     0.037251     0.054265     0.051816     0.052841     0.052090     0.050111     0.055459     0.092057     0.045997     0.063394
   -0.028198    -0.041001    -0.060308    -0.033497    -0.070858    -0.056701    -0.044781     0.064690     0.071275     0.069663     0.068017     0.068065     0.075400     0.074024     0.073333     0.048466     0.061348     0.029839     0.050839     0.063055     0.064278     0.067706     0.081625     0.079215     0.057371     0.070246     0.063666     0.069400     0.075030     0.079555     0.078151     0.079562     0.086096     0.072190     0.085826     0.077494     0.073777     0.078516     0.084301     0.080519     0.081998     0.069200     0.067779     0.076820     0.072839     0.064846     0.060856     0.053240     0.066253     0.096499     0.068621     0.071124
   -0.017826    -0.035776    -0.053799    -0.019769    -0.068475    -0.046798    -0.034984     0.095286     0.106937     0.098528     0.096869     0.106791     0.109549     0.101312     0.110962     0.073920     0.089270     0.052118     0.075585     0.103943     0.101128     0.100446     0.079215     0.168923     0.093626     0.107054     0.104162     0.052581     0.052155     0.056133     0.051896     0.056482     0.064610     0.051271     0.054704     0.057807     0.059624     0.059357     0.064501     0.059429     0.061259     0.088976     0.040576     0.064716     0.055323     0.045189     0.056691     0.039918     0.049660     0.082560     0.051648     0.064258
   -0.000397    -0.014394    -0.026182    -0.002931    -0.036633    -0.026996    -0.012528     0.082079     0.095155     0.085087     0.085244     0.090276     0.089235     0.092480     0.090855     0.070164     0.079312     0.054076     0.071534     0.091165     0.085253     0.079138     0.057371     0.093626     0.090283     0.084331     0.086924     0.031785     0.026452     0.028638     0.024751     0.026997     0.035045     0.024116     0.023851     0.029871     0.029725     0.032003     0.031332     0.031421     0.031017     0.061161     0.016467     0.033066     0.028740     0.019260     0.019791     0.019274     0.014428     0.045473     0.034718     0.046953
   -0.012315    -0.028362    -0.042632    -0.017972    -0.050930    -0.047157    -0.031347     0.090671     0.104492     0.096062     0.096388     0.106940     0.101372     0.100738     0.105208     0.068861     0.085395     0.049549     0.078186     0.097661     0.092121     0.093970     0.070246     0.107054     0.084331     0.113258     0.096157     0.045397     0.041457     0.049949     0.042102     0.048774     0.051526     0.044407     0.045366     0.045259     0.052522     0.052897     0.045419     0.053291     0.051767     0.076541     0.032537     0.056108     0.050319     0.037428     0.035917     0.038199     0.035234     0.073921     0.049277     0.065845
   -0.000632    -0.017524    -0.031387    -0.005929    -0.041963    -0.027843    -0.018641     0.089340     0.098759     0.092547     0.087949     0.096349     0.094834     0.097272     0.096605     0.070486     0.080678     0.051752     0.073075     0.096823     0.090978     0.088712     0.063666     0.104162     0.086924     0.096157     0.104169     0.033216     0.025894     0.031343     0.026781     0.033143     0.040079     0.027688     0.028214     0.035964     0.036379     0.037668     0.033074     0.037093     0.033090     0.067361     0.018345     0.041820     0.034226     0.032200     0.037855     0.034253     0.034992     0.073371     0.039842     0.053915
   -0.004331     0.003635    -0.028034    -0.005079    -0.027273    -0.003224    -0.011082     0.020645     0.022133     0.014493     0.019094     0.014023     0.024470     0.020534     0.022873     0.014123     0.017630     0.009989     0.019890     0.026231     0.031730     0.046425     0.069400     0.052581     0.031785     0.045397     0.033216     0.158470     0.149957     0.125863     0.146170     0.128466     0.153282     0.143350     0.160756     0.129021     0.139526     0.118764     0.165306     0.136138     0.151195     0.072808     0.120804     0.108166     0.138034     0.071167     0.070711     0.043123     0.053263     0.092691     0.118335     0.134388
   -0.034169    -0.028815    -0.059651    -0.030892    -0.063116    -0.046275    -0.041763     0.013615     0.015103     0.003509     0.011211     0.006582     0.025451     0.008069     0.017380     0.002766     0.011438    -0.011354     0.005444     0.019095     0.025653     0.044502     0.075030     0.052155     0.026452     0.041457     0.025894     0.149957     0.188438     0.147966     0.167123     0.147450     0.172142     0.156320     0.190959     0.148009     0.154354     0.137804     0.183974     0.149588     0.180033     0.077664     0.140961     0.122027     0.150334     0.091677     0.081493     0.054782     0.089250     0.102206     0.114644     0.123039
   -0.044692    -0.043993    -0.073794    -0.045366    -0.076272    -0.067720    -0.055425     0.026849     0.029712     0.022148     0.029555     0.022376     0.039716     0.028224     0.030256     0.014740     0.026163    -0.003065     0.020924     0.025889     0.030776     0.052264     0.079555     0.056133     0.028638     0.049949     0.031343     0.125863     0.147966     0.162248     0.151066     0.143845     0.158250     0.132988     0.165188     0.140526     0.140691     0.137271     0.151636     0.145973     0.160061     0.086443     0.135509     0.125571     0.137950     0.094500     0.071501     0.065620     0.089637     0.134433     0.094450     0.100882
   -0.028361    -0.024534    -0.055723    -0.027199    -0.053540    -0.038117    -0.036252     0.020129     0.015667     0.008536     0.014774     0.007403     0.024868     0.012400     0.019582     0.008729     0.015224    -0.004899     0.013621     0.019370     0.025737     0.047619     0.078151     0.051896     0.024751     0.042102     0.026781     0.146170     0.167123     0.151066     0.173869     0.153548     0.176311     0.147780     0.187200     0.152952     0.155183     0.140820     0.178769     0.159064     0.174338     0.080948     0.143917     0.126012     0.151844     0.100372     0.093557     0.066785     0.094746     0.126730     0.124273     0.125117
   -0.031982    -0.032816    -0.066674    -0.033045    -0.073042    -0.053908    -0.046003     0.032141     0.027516     0.023268     0.028166     0.022174     0.037700     0.027577     0.031795     0.015726     0.025109    -0.002455     0.022023     0.023626     0.032482     0.055552     0.079562     0.056482     0.026997     0.048774     0.033143     0.128466     0.147450     0.143845     0.153548     0.161059     0.161848     0.131369     0.167266     0.143199     0.146255     0.134036     0.156576     0.143178     0.157101     0.080596     0.137234     0.124344     0.138950     0.106987     0.107710     0.079847     0.110106     0.131506     0.115031     0.112008
   -0.024387    -0.022958    -0.059112    -0.025637    -0.052896    -0.038711    -0.035374     0.027038     0.018965     0.012580     0.017507     0.010923     0.030514     0.018673     0.022987     0.013009     0.019808    -0.003523     0.016595     0.028708     0.036100     0.059174     0.086096     0.064610     0.035045     0.051526     0.040079     0.153282     0.172142     0.158250     0.176311     0.161848     0.198557     0.160336     0.195303     0.162952     0.165754     0.149856     0.188349     0.167093     0.182836     0.088802     0.149622     0.132614     0.159199     0.112979     0.114796     0.076257     0.108749     0.150433     0.132539     0.136486
   -0.020221    -0.014927    -0.046258    -0.025985    -0.029671    -0.030317    -0.030780     0.012934     0.004213     0.007846     0.008476     0.006246     0.019717     0.010870     0.012981     0.000858     0.016937    -0.015559     0.007824     0.018950     0.033840     0.040210     0.072190     0.051271     0.024116     0.044407     0.027688     0.143350     0.156320     0.132988     0.147780     0.131369     0.160336     0.209297     0.174155     0.130625     0.150923     0.123559     0.168188     0.131572     0.158390     0.059579     0.122507     0.112783     0.139460     0.061705     0.057052     0.039571     0.052153     0.070360     0.103156     0.098658
   -0.035886    -0.034125    -0.071667    -0.033115    -0.068589    -0.054481    -0.046100     0.022643     0.016131     0.010077     0.014694     0.005187     0.026857     0.020647     0.019347     0.010685     0.018097    -0.008281     0.012850     0.017282     0.027964     0.051483     0.085826     0.054704     0.023851     0.045366     0.028214     0.160756     0.190959     0.165188     0.187200     0.167266     0.195303     0.174155     0.235682     0.170477     0.173661     0.153098     0.206672     0.171343     0.194720     0.083739     0.155520     0.136083     0.167295     0.107862     0.095578     0.069864     0.099587     0.133363     0.119909     0.126332
   -0.026001    -0.024649    -0.059126    -0.023103    -0.058171    -0.048162    -0.035531     0.028845     0.021136     0.017033     0.019191     0.011601     0.029120     0.021470     0.022505     0.016469     0.020994    -0.000043     0.017810     0.024773     0.031943     0.052656     0.077494     0.057807     0.029871     0.045259     0.035964     0.129021     0.148009     0.140526     0.152952     0.143199     0.162952     0.130625     0.170477     0.157154     0.142500     0.133123     0.159492     0.145445     0.155026     0.080108     0.134208     0.122447     0.137304     0.104406     0.096269     0.076163     0.111820     0.133444     0.114317     0.106752
   -0.034771    -0.031972    -0.066071    -0.034296    -0.057934    -0.047016    -0.043561     0.024939     0.020169     0.012463     0.018504     0.015950     0.031545     0.016909     0.026343     0.006214     0.016713    -0.009040     0.016516     0.024331     0.030397     0.053583     0.073777     0.059624     0.029725     0.052522     0.036379     0.139526     0.154354     0.140691     0.155183     0.146255     0.165754     0.150923     0.173661     0.142500     0.174071     0.128808     0.165581     0.141706     0.163749     0.077957     0.132852     0.122587     0.145390     0.093028     0.090981     0.062181     0.086100     0.125292     0.126033     0.133190
   -0.028476    -0.031480    -0.062436    -0.034179    -0.069549    -0.058048    -0.041740     0.033301     0.031688     0.027970     0.029895     0.024836     0.039438     0.033656     0.033658     0.021693     0.030009     0.002480     0.026762     0.030333     0.036818     0.054906     0.078516     0.059357     0.032003     0.052897     0.037668     0.118764     0.137804     0.137271     0.140820     0.134036     0.149856     0.123559     0.153098     0.133123     0.128808     0.145492     0.141086     0.137622     0.149005     0.081667     0.126258     0.120046     0.130117     0.093808     0.090261     0.069952     0.100017     0.112657     0.093671     0.103251
   -0.012501    -0.006787    -0.052280    -0.008735    -0.051166    -0.031071    -0.018606     0.018553     0.016703     0.008127     0.013057     0.003566     0.024547     0.011351     0.018775     0.015307     0.015937    -0.000352     0.014867     0.026397     0.034221     0.049053     0.084301     0.064501     0.031332     0.045419     0.033074     0.165306     0.183974     0.151636     0.178769     0.156576     0.188349     0.168188     0.206672     0.159492     0.165581     0.141086     0.226101     0.168197     0.183016     0.082741     0.144425     0.128775     0.163808     0.100867     0.088107     0.057995     0.078169     0.129125     0.138358     0.141462
   -0.019483    -0.011211    -0.046979    -0.016014    -0.038572    -0.021296    -0.025848     0.032256     0.030141     0.020149     0.024617     0.018905     0.032856     0.021007     0.026161     0.020593     0.026632     0.007937     0.025550     0.032169     0.032600     0.057429     0.080519     0.059429     0.031421     0.053291     0.037093     0.136138     0.149588     0.145973     0.159064     0.143178     0.167093     0.131572     0.171343     0.145445     0.141706     0.137622     0.168197     0.177230     0.161929     0.086743     0.136287     0.123331     0.150090     0.116096     0.106577     0.080734     0.099010     0.174528     0.113225     0.115958
   -0.039478    -0.039229    -0.067673    -0.041229    -0.072010    -0.058532    -0.050971     0.020835     0.020644     0.008370     0.017131     0.012011     0.032555     0.015150     0.023368     0.006270     0.016279    -0.007496     0.012810     0.025648     0.029344     0.054644     0.081998     0.061259     0.031017     0.051767     0.033090     0.151195     0.180033     0.160061     0.174338     0.157101     0.182836     0.158390     0.194720     0.155026     0.163749     0.149005     0.183016     0.161929     0.197974     0.087007     0.148617     0.129502     0.158614     0.097417     0.087148     0.058574     0.092064     0.111900     0.108826     0.119767
   -0.022735    -0.029615    -0.047615    -0.023405    -0.056156    -0.043676    -0.033863     0.063891     0.074834     0.063159     0.067034     0.069288     0.074181     0.066320     0.070006     0.048144     0.057745     0.030302     0.052081     0.065695     0.063176     0.075245     0.069200     0.088976     0.061161     0.076541     0.067361     0.072808     0.077664     0.086443     0.080948     0.080596     0.088802     0.059579     0.083739     0.080108     0.077957     0.081667     0.082741     0.086743     0.087007     0.093107     0.069686     0.080947     0.080169     0.066197     0.060517     0.050661     0.064482     0.112834     0.060884     0.079937
   -0.037696    -0.036786    -0.065264    -0.038888    -0.066198    -0.050748    -0.047556     0.016558     0.013013     0.006136     0.012896     0.006864     0.022897     0.010110     0.017330     0.007884     0.013233    -0.008997     0.010245     0.011429     0.017694     0.037251     0.067779     0.040576     0.016467     0.032537     0.018345     0.120804     0.140961     0.135509     0.143917     0.137234     0.149622     0.122507     0.155520     0.134208     0.132852     0.126258     0.144425     0.136287     0.148617     0.069686     0.142454     0.115992     0.129806     0.102169     0.107064     0.070949     0.097815     0.126331     0.101159     0.096846
   -0.036488    -0.034451    -0.060818    -0.037874    -0.067228    -0.055596    -0.046056     0.037976     0.042211     0.038210     0.039329     0.041110     0.050007     0.034940     0.043138     0.022244     0.028919    -0.000746     0.027440     0.033506     0.038874     0.054265     0.076820     0.064716     0.033066     0.056108     0.041820     0.108166     0.122027     0.125571     0.126012     0.124344     0.132614     0.112783     0.136083     0.122447     0.122587     0.120046     0.128775     0.123331     0.129502     0.080947     0.115992     0.135856     0.118082     0.092228     0.085276     0.066570     0.084169     0.129295     0.095249     0.095642
   -0.016832    -0.011839    -0.041744    -0.015507    -0.042230    -0.025739    -0.024746     0.025470     0.027140     0.014975     0.022169     0.018555     0.031214     0.019345     0.026180     0.013762     0.019491     0.001178     0.020976     0.026129     0.031514     0.051816     0.072839     0.055323     0.028740     0.050319     0.034226     0.138034     0.150334     0.137950     0.151844     0.138950     0.159199     0.139460     0.167295     0.137304     0.145390     0.130117     0.163808     0.150090     0.158614     0.080169     0.129806     0.118082     0.160065     0.098195     0.098557     0.065390     0.081367     0.135160     0.097612     0.112692
   -0.064813    -0.071420    -0.101425    -0.056729    -0.104751    -0.080381    -0.069442     0.034947     0.019966     0.018288     0.010733     0.021128     0.036167     0.008271     0.017821     0.002674     0.013757    -0.021499     0.005409     0.029279     0.021288     0.052841     0.064846     0.045189     0.019260     0.037428     0.032200     0.071167     0.091677     0.094500     0.100372     0.106987     0.112979     0.061705     0.107862     0.104406     0.093028     0.093808     0.100867     0.116096     0.097417     0.066197     0.102169     0.092228     0.098195     0.273929     0.304761     0.208869     0.265722     0.371188     0.067561     0.071738
   -0.061540    -0.083493    -0.108035    -0.061532    -0.108380    -0.080456    -0.074602     0.043298     0.011084     0.016606    -0.001235     0.021208     0.034454     0.003114     0.019048    -0.001154     0.011641    -0.027460     0.000290     0.028226     0.023483     0.052090     0.060856     0.056691     0.019791     0.035917     0.037855     0.070711     0.081493     0.071501     0.093557     0.107710     0.114796     0.057052     0.095578     0.096269     0.090981     0.090261     0.088107     0.106577     0.087148     0.060517     0.107064     0.085276     0.098557     0.304761     0.476794     0.237676     0.311213     0.426185     0.058386     0.083756
   -0.051008    -0.057173    -0.081764    -0.046574    -0.075116    -0.062807    -0.057249     0.040323     0.023551     0.028513     0.021442     0.031443     0.034965     0.024119     0.028292     0.011238     0.025246    -0.008886     0.017337     0.028570     0.025973     0.050111     0.053240     0.039918     0.019274     0.038199     0.034253     0.043123     0.054782     0.065620     0.066785     0.079847     0.076257     0.039571     0.069864     0.076163     0.062181     0.069952     0.057995     0.080734     0.058574     0.050661     0.070949     0.066570     0.065390     0.208869     0.237676     0.197185     0.224462     0.287334     0.067017     0.066503
   -0.068619    -0.083041    -0.107577    -0.062454    -0.130988    -0.112774    -0.083898     0.039246     0.011563     0.024339     0.001751     0.013294     0.031284     0.013614     0.016256     0.007819     0.023432    -0.018105     0.001411     0.026116     0.024039     0.055459     0.066253     0.049660     0.014428     0.035234     0.034992     0.053263     0.089250     0.089637     0.094746     0.110106     0.108749     0.052153     0.099587     0.111820     0.086100     0.100017     0.078169     0.099010     0.092064     0.064482     0.097815     0.084169     0.081367     0.265722     0.311213     0.224462     0.395895     0.372615     0.103108     0.097232
   -0.080300    -0.076270    -0.109841    -0.065554    -0.109891    -0.048296    -0.084078     0.066210     0.049443     0.054737     0.029721     0.050625     0.070386     0.032724     0.038207     0.026797     0.042843    -0.010119     0.029157     0.067469     0.046147     0.092057     0.096499     0.082560     0.045473     0.073921     0.073371     0.092691     0.102206     0.134433     0.126730     0.131506     0.150433     0.070360     0.133363     0.133444     0.125292     0.112657     0.129125     0.174528     0.111900     0.112834     0.126331     0.129295     0.135160     0.371188     0.426185     0.287334     0.372615     0.735724     0.107873     0.132946
   -0.006992     0.002547    -0.029762    -0.008079    -0.009951    -0.012293    -0.010795     0.039679     0.026590     0.043138     0.038092     0.035784     0.031490     0.032559     0.053089     0.025600     0.035080     0.023271     0.034798     0.038796     0.039575     0.045997     0.068621     0.051648     0.034718     0.049277     0.039842     0.118335     0.114644     0.094450     0.124273     0.115031     0.132539     0.103156     0.119909     0.114317     0.126033     0.093671     0.138358     0.113225     0.108826     0.060884     0.101159     0.095249     0.097612     0.067561     0.058386     0.067017     0.103108     0.107873     0.355726     0.279052
    0.016580     0.030807    -0.014196     0.009487    -0.023799    -0.003585     0.004916     0.040828     0.038084     0.033281     0.032190     0.043980     0.042622     0.043325     0.054766     0.025404     0.027298     0.022113     0.032185     0.044741     0.045346     0.063394     0.071124     0.064258     0.046953     0.065845     0.053915     0.134388     0.123039     0.100882     0.125117     0.112008     0.136486     0.098658     0.126332     0.106752     0.133190     0.103251     0.141462     0.115958     0.119767     0.079937     0.096846     0.095642     0.112692     0.071738     0.083756     0.066503     0.097232     0.132946     0.279052     0.439956
